$GPRMC,050120.00,A,4840.32606,N,00858.32669,E,13.965,225.65,110820,,,A*58
425.546,1203.3,1205.4,
425.619,1201.8,1204.0,
425.692,1201.8,1205.5,
425.765,1202.6,1206.1,
425.838,1203.2,1205.8,
425.911,1204.3,1206.3,
425.984,1202.5,1205.5,
426.057,1203.1,1206.1,
426.130,1203.0,1205.9,
426.203,452.9,1206.1,
426.276,1203.8,1205.9,
426.349,1203.0,1206.0,
426.422,1203.2,1206.3,
426.495,1202.6,1204.7,
426.568,1203.9,1206.0,
426.641,1202.7,1206.1,
426.714,1203.9,1206.0,
426.787,1203.7,1205.9,
426.860,1203.4,1205.4,
426.933,1203.7,1205.8,
427.006,1203.4,461.4,
427.079,1203.7,1205.7,
427.152,1203.4,460.3,
427.225,1203.1,1206.1,
427.298,1203.2,1206.2,
427.371,1203.6,1205.7,
427.444,1203.4,1205.6,
427.517,1203.1,1205.2,
427.590,457.0,460.8,
427.619,1203.8,1206.1,
427.692,1203.4,1205.7,
427.765,1203.6,1205.6,
427.838,448.9,1205.8,
427.912,1203.6,1205.6,
427.985,1203.0,1205.1,
428.058,1203.2,1206.2,
428.131,1203.5,1205.6,
428.204,440.7,1205.9,
428.277,1203.5,1205.6,
428.350,1203.4,1205.5,
428.423,1203.9,1206.0,
428.496,1203.0,1205.9,
428.569,1195.6,1194.9,
428.642,226.5,443.2,
428.671,66.1,1205.4,
428.744,213.3,427.0,
428.771,123.7,1205.8,
428.844,357.2,1205.6,
428.917,205.1,1205.9,
428.990,56.9,1205.7,
429.063,659.0,1205.9,
429.136,152.4,1206.0,
429.209,69.9,1205.5,
429.282,433.8,432.3,
429.310,1203.4,428.4,
429.383,1203.3,1205.4,
429.456,1203.4,1205.5,
429.529,1202.8,1205.3,
429.602,1203.1,1205.3,
429.675,1203.7,1205.8,
429.748,1203.3,1205.3,
429.821,1203.9,1206.0,
429.894,1203.8,1205.9,
429.967,1198.6,1200.7,
430.040,1203.1,1206.0,
430.113,1202.9,1205.7,
430.186,1203.4,1205.6,
430.259,1203.8,1205.9,
430.332,1203.3,1206.3,
430.405,1202.8,1204.9,
430.478,1202.8,1205.9,
430.551,1203.5,1205.6,
430.624,1202.5,1204.5,
430.697,1202.9,1205.8,
430.770,1204.2,1205.7,
430.843,1203.2,1205.3,
430.916,1203.2,1205.2,
430.989,1203.0,1205.1,
431.062,1203.4,1205.5,
431.135,1203.0,1206.0,
431.208,1203.9,1206.0,
431.281,1202.8,1205.7,
431.354,1203.6,1205.7,
431.427,1201.7,1206.1,
431.500,1203.2,1205.2,
431.573,1202.4,1204.5,
431.646,1203.5,1205.6,
431.719,1203.2,1205.7,
431.792,1203.1,1205.2,
431.865,1203.9,1205.9,
431.938,1202.9,1205.0,
432.011,1203.2,1206.1,
432.084,1203.6,1205.7,
432.157,1203.9,1206.0,
432.230,1203.5,1205.6,
432.303,1203.3,1205.4,
432.376,1203.4,1206.3,
432.449,1203.8,1205.9,
432.522,1203.0,1205.1,
432.595,1202.8,1205.8,

432.672,1203.0,1205.1,
432.745,1202.7,1205.7,
432.818,1203.3,1206.3,
432.891,1203.8,1205.9,
432.964,1203.3,1206.3,
433.037,1203.0,1206.0,
433.110,1203.5,1205.6,
433.183,1202.9,1205.9,
433.256,1202.6,1205.6,
433.329,1203.3,1206.2,
433.402,1202.7,1206.1,
433.475,1202.6,1206.1,
433.548,1203.4,1205.5,
433.621,1203.0,1205.1,
433.694,1203.6,1205.7,
433.767,1203.5,1204.7,
433.840,1203.7,1205.9,
433.913,1203.5,1205.7,
433.986,1203.6,356.1,
434.059,1203.3,1205.4,
434.132,1204.0,1206.1,
434.205,1090.0,1205.3,
434.278,53.4,53.7,
434.284,368.5,1205.4,
434.357,216.1,1206.0,
434.430,61.0,1205.5,
434.503,292.8,1206.0,
434.576,99.2,1206.2,
434.649,314.8,1205.6,
434.722,190.5,1206.1,
434.795,71.7,421.4,
434.822,276.1,1204.6,
434.895,1203.9,1206.0,
434.968,1203.6,1205.7,
435.041,1203.9,1206.0,
435.115,1203.2,1205.3,
435.188,1202.8,1205.8,
435.261,1203.9,1206.0,
435.333,1203.0,1206.0,
435.406,1203.0,1206.3,
435.480,1203.1,1205.3,
435.552,1202.9,1205.7,
435.626,1202.4,1205.4,
435.699,1203.5,1206.0,
435.772,1202.6,1205.5,
435.845,1202.8,1205.8,
435.918,1203.3,1206.3,
435.991,1202.8,1205.7,
436.064,1203.4,1206.4,
436.137,1202.9,1205.8,
436.210,1202.7,1205.7,
436.283,1202.9,1205.9,
436.356,1202.7,1205.6,
436.429,1203.3,1206.2,
436.502,1202.3,1202.6,
436.575,1203.7,1205.7,
436.648,1202.2,1205.2,
436.721,1203.5,1205.5,
436.794,1201.7,1205.2,
436.867,1203.7,1205.8,
436.940,1203.3,1205.4,
437.013,1202.9,1205.9,
437.086,1204.0,1206.1,
437.159,1203.7,1205.8,
437.232,1202.6,1204.7,
437.305,1203.6,1205.6,
437.378,1203.7,1205.8,
437.451,1203.4,1206.0,
437.524,1203.5,1205.6,
437.597,1203.0,1205.1,
437.670,1202.9,1205.9,
437.743,1202.8,1205.8,
437.816,1201.5,1205.9,
437.889,1203.2,1205.2,
437.962,169.9,173.1,
437.975,171.6,169.2,
437.988,162.7,160.3,
438.000,161.7,155.0,
438.012,158.4,159.7,
438.024,160.0,161.2,
438.036,168.3,163.3,
438.048,175.4,167.0,
438.061,178.4,173.3,
438.074,182.7,180.3,
438.088,188.4,187.7,
438.101,1203.5,201.3,
438.174,1203.6,1205.7,
438.247,1203.6,1205.7,
438.320,1203.8,1205.9,
438.393,1203.9,1206.0,
438.466,1203.7,1205.7,
438.539,1202.7,1206.7,
438.612,1203.0,1205.2,
438.685,1203.1,1205.2,
438.758,1204.6,1206.7,
438.831,1203.7,1205.8,
438.904,1203.3,1206.3,
438.977,1203.6,1205.7,
439.050,1202.8,1205.8,
439.123,1203.2,1206.2,
$GPRMC,050134.00,A,4840.29116,N,00858.26646,E,13.565,230.73,110820,,,A*56
439.549,1203.3,1205.4,
439.622,1202.0,1203.2,
439.695,1203.6,1205.7,
439.768,1202.3,1204.9,
439.841,629.8,845.8,
439.893,384.8,1205.6,
439.966,231.7,1206.1,
440.039,111.8,1205.5,
440.112,345.8,1206.7,
440.185,199.0,1205.7,
440.258,88.0,1206.3,
440.331,306.8,740.2,
440.377,270.7,302.9,
440.397,260.9,680.9,
440.440,278.0,1206.1,
440.513,1202.4,1206.0,
440.586,1203.4,1205.5,
440.659,1203.5,1206.4,
440.732,1203.6,1206.0,
440.805,1202.4,1205.8,
440.878,1203.5,1205.9,
440.952,1196.9,1199.0,
441.025,1203.3,1206.2,
441.097,1203.0,1206.0,
441.170,1203.6,1205.7,
441.243,1203.0,1205.8,
441.316,1203.1,1206.0,
441.389,1203.4,1205.5,
441.462,1203.5,1205.6,
441.536,1203.8,1206.0,
441.609,1203.2,1206.2,
441.682,1202.9,1205.9,
441.755,1203.7,1205.8,
441.828,1202.7,1206.1,
441.901,1203.9,1205.9,
441.974,1203.2,1205.2,
442.047,1204.1,1206.3,
442.120,1202.8,1205.7,
442.193,1202.8,1205.7,
442.266,1203.9,1206.0,
442.339,1203.3,1206.3,
442.412,1203.4,1205.9,
442.485,1202.8,1205.8,
442.558,1203.7,1205.9,
442.631,1203.1,1206.0,
442.704,1202.4,1205.9,
442.777,1203.5,1205.6,
442.850,1203.9,1206.0,
442.923,1203.0,1205.1,
442.996,1203.8,1205.8,
443.069,1203.7,1205.8,
443.142,1203.3,1205.6,
443.215,1203.8,1206.0,
443.288,1203.4,1206.4,
443.361,1203.6,1205.7,
443.434,1203.6,1205.7,
443.507,1203.1,1205.2,
443.580,1204.3,1206.4,
443.653,1204.1,1206.2,
443.726,632.7,849.3,
443.778,385.2,1205.1,
443.851,232.1,1206.0,
443.924,108.5,1205.9,
443.997,341.0,1205.7,
444.070,166.4,1205.8,
444.143,67.5,1205.8,
444.216,282.9,708.1,
444.260,280.7,1205.6,
444.333,111.7,1205.9,
444.406,1203.2,1205.3,
444.480,1203.2,1205.6,
444.553,1203.8,1205.9,
444.626,1203.4,1205.5,
444.699,1202.4,1204.5,
444.772,1203.5,1205.6,
444.845,1203.5,1205.7,
444.918,1203.7,1208.7,
444.991,1203.3,1205.4,
445.064,1203.1,1205.9,
445.137,1203.6,1205.7,
445.210,1203.0,1205.1,
445.283,1203.5,1205.6,
445.356,1203.7,1205.8,
445.429,1203.3,1205.4,
445.502,1202.7,1205.8,
445.575,1203.1,1206.1,
445.648,1202.1,1205.5,
445.721,1203.2,1205.3,
445.794,1203.0,1205.1,
445.867,1111.4,1111.8,
445.945,1150.6,1148.9,
446.025,1203.8,1205.9,
446.098,189.4,1206.3,
446.171,179.1,181.2,
446.185,179.9,183.7,
446.198,184.6,180.3,
446.211,220.5,186.4,
446.227,193.3,190.1,
446.241,1203.1,221.0,
446.314,1203.6,1205.6,
$GPRMC,050141.00,A,4840.27707,N,00858.23306,E,13.599,236.79,110820,,,A*57
446.550,1203.3,1206.2,
446.623,1203.2,1206.1,
446.696,1203.7,1205.8,
446.769,1202.6,1205.1,
446.842,1205.9,1208.0,
446.915,1204.0,1206.0,
446.988,1203.8,1205.8,
447.061,1203.5,1205.6,
447.134,1204.0,1206.0,
447.207,1204.0,1206.0,
447.280,1204.1,1206.1,
447.353,1204.1,1206.1,
447.426,1203.2,1206.2,
447.499,1202.2,1205.5,
447.572,1203.0,1205.9,
447.645,1203.2,1205.2,
447.718,1203.1,1205.2,
447.791,1203.1,1204.3,
447.864,1203.3,1205.3,
447.937,1203.3,1205.4,
448.010,1204.0,1206.1,
448.083,1203.7,1205.7,
448.156,1204.1,1206.2,
448.229,1202.9,1205.8,
448.302,1203.0,1206.0,
448.375,1203.3,1205.4,
448.448,1203.9,1205.2,
448.521,1203.4,1205.6,
448.594,1203.1,1206.1,
448.667,1204.2,1206.2,
448.740,1203.8,1205.9,
448.814,1201.9,1205.4,
448.887,1203.3,1206.3,
448.960,1201.6,1204.5,
449.032,1203.4,1206.2,
449.105,1203.4,1205.4,
449.179,1203.3,1206.1,
449.252,1203.3,1206.1,
449.325,753.4,969.9,
449.384,65.8,1205.6,
449.457,232.3,1206.4,
449.530,106.6,1205.6,
449.603,329.7,1205.6,
449.676,168.5,1206.0,
449.749,62.5,1205.4,
449.822,287.4,1205.5,
449.895,115.0,1205.5,
449.972,1202.2,1205.2,
450.045,1202.9,1205.8,
450.118,1203.3,1206.1,
450.191,1203.5,1205.6,
450.264,1203.4,1206.3,
450.339,1204.0,1206.1,
450.412,1204.1,1206.2,
450.485,1203.4,1205.5,
450.558,1203.3,1205.5,
450.631,1201.9,1205.3,
450.704,1203.2,1205.3,
450.777,1203.7,1205.9,
450.850,1203.1,1206.1,
450.923,1203.8,1205.9,
450.996,1203.3,1205.4,
451.069,1203.8,1205.9,
451.142,1208.0,1211.0,
451.215,1203.6,1205.7,
451.288,1203.3,1205.4,
451.361,1203.5,1205.6,
451.434,1203.6,1205.6,
451.507,1203.6,1205.7,
451.581,1203.1,1205.6,
451.654,1202.8,1205.8,
451.727,1203.1,1206.1,
451.800,1203.3,1205.5,
451.873,1203.4,1206.7,
451.946,1202.8,1205.7,
452.019,1203.9,1205.9,
452.092,1203.4,1205.5,
452.165,1203.3,1206.3,
452.238,1203.1,1205.9,
452.311,1203.4,1205.5,
452.384,1203.0,1205.9,
452.457,1203.2,1205.3,
452.530,1203.3,1205.4,
452.603,1203.6,1206.1,
452.676,1203.1,1206.0,
452.749,1203.1,1205.2,
452.822,1203.0,1206.0,
452.895,1203.7,1205.7,
452.968,1203.0,1206.1,
453.041,1202.8,1204.9,
453.114,1203.2,1205.3,
453.187,1204.0,1206.0,
453.260,1204.0,1206.1,
453.333,1203.0,1206.0,
453.406,1203.2,1206.0,
453.479,1202.7,1205.7,
453.552,1206.0,1207.2,
453.625,1203.4,1205.6,
453.698,1203.6,1205.7,
453.771,1203.9,1206.0,
84,217,28*73
453.860,1203.0,1205.9,
453.933,1204.1,1206.1,
454.006,1203.6,1205.7,
454.079,1203.5,1205.6,
454.152,1203.2,1205.3,
454.225,1203.0,1205.9,
454.298,1203.1,1205.2,
454.371,1203.3,1206.2,
454.444,1202.2,1205.7,
454.517,1203.7,1205.8,
454.590,1203.8,1205.8,
454.663,1203.2,1205.3,
454.737,1203.4,1205.5,
454.810,1203.2,1205.5,
454.883,1203.4,1206.3,
454.956,338.0,554.3,
454.991,384.7,1205.7,
455.064,231.0,1205.2,
455.137,78.1,1205.6,
455.210,319.9,1205.6,
455.283,137.9,1205.4,
455.356,343.3,1205.3,
455.429,205.0,1206.2,
455.502,89.2,121.2,
455.512,271.2,1206.1,
455.585,1204.0,1206.1,
455.658,1203.4,1205.4,
455.731,1205.2,1207.3,
455.804,1203.4,1205.4,
455.877,1203.2,1205.4,
455.950,1203.1,1205.2,
456.023,1203.4,1205.5,
456.096,1203.9,1206.0,
456.169,1203.4,1206.3,
456.242,1205.1,1207.1,
456.315,1203.8,1205.8,
456.388,1203.4,1206.3,
456.461,1203.3,1207.3,
456.534,1204.2,1206.3,
456.607,1203.1,1206.0,
456.680,1204.4,1207.4,
456.753,1203.0,1206.1,
456.826,1203.7,1205.8,
456.899,1203.7,1205.8,
456.972,1203.4,1205.6,
457.045,1202.7,1205.6,
457.118,1202.9,1205.9,
457.191,1203.8,1205.8,
457.264,1203.8,1205.8,
457.337,1203.4,1206.4,
457.410,1203.2,1205.2,
457.484,1202.2,1204.3,
457.557,1203.4,1205.5,
457.630,1203.8,1205.2,
457.703,1204.3,1205.5,
457.776,1203.3,1206.2,
457.849,1203.3,1206.3,
457.922,1203.0,1206.1,
457.995,1203.6,1205.6,
458.068,1203.7,1205.8,
458.141,1203.4,1205.5,
458.214,1203.2,1205.3,
458.287,1203.9,1206.0,
458.360,1203.6,1205.6,
458.433,1203.3,1205.3,
458.506,1203.1,1205.3,
458.579,1202.8,1205.7,
458.652,1202.1,1205.7,
458.725,1203.7,1206.0,
458.798,1203.6,1205.7,
458.871,1203.8,1206.0,
458.944,1203.2,1205.3,
459.017,1203.1,1205.2,
459.090,1203.3,1206.3,
459.163,1203.1,1206.1,
459.236,1203.6,1205.7,
459.309,1204.2,1206.2,
459.382,1203.7,1205.8,
459.455,1202.9,1205.0,
459.528,1203.6,1205.6,
459.601,1202.9,1205.4,
459.674,1203.5,1205.7,
459.747,1203.6,1205.7,
459.820,1203.4,1205.6,
459.894,1203.0,1205.0,
459.966,1203.8,1205.8,
460.039,1203.3,1205.3,
460.112,1203.3,1205.4,
460.185,1203.6,1204.9,
460.258,1203.9,1206.0,
460.331,1203.3,1205.4,
460.404,1202.2,1205.7,
460.477,1203.7,1204.9,
460.550,548.1,764.5,
460.598,388.5,1205.2,
460.671,234.2,1205.7,
460.744,110.9,1203.7,
460.817,346.5,1205.0,
460.890,190.7,1205.9,
460.963,92.7,1205.0,
$GPRMC,050156.00,A,4840.25679,N,00858.15987,E,10.821,247.79,110820,,,A*56
461.548,1203.2,1205.2,
461.621,1203.9,1205.1,
461.694,1204.0,1206.0,
461.767,1204.1,1206.2,
461.840,1203.0,1205.1,
461.913,1204.6,1206.6,
461.986,1203.6,1205.7,
462.059,1203.5,1205.6,
462.132,1203.0,1205.9,
462.205,1203.4,1206.3,
462.278,1203.5,1205.6,
462.351,1202.9,1205.9,
462.424,1203.8,1205.9,
462.497,1203.4,1205.4,
462.571,1202.2,1205.7,
462.644,1203.4,1205.5,
462.716,1204.1,1206.2,
462.790,1204.2,1206.3,
462.863,1203.2,1205.2,
462.936,1203.3,1205.4,
463.009,1203.8,1205.9,
463.082,1204.0,1206.0,
463.155,1203.9,1206.0,
463.228,1203.5,1205.6,
463.301,1203.6,1205.7,
463.374,1203.3,1205.4,
463.447,1202.9,1205.8,
463.520,1203.4,1205.6,
463.593,1203.1,1205.2,
463.666,1203.9,1206.1,
463.739,1202.8,1205.7,
463.812,1203.1,1205.2,
463.885,1203.9,1205.9,
463.958,1203.8,1205.9,
464.031,1203.4,1206.3,
464.104,1203.6,1205.7,
464.177,1203.9,1206.0,
464.250,1204.0,1206.0,
464.323,1203.3,1205.4,
464.396,1203.4,1206.3,
464.469,1202.8,1206.2,
464.542,1202.6,1205.8,
464.615,1203.3,1205.4,
464.688,1203.2,1205.3,
464.761,1203.1,1204.3,
464.834,1203.1,1206.0,
464.907,1204.2,1206.3,
464.980,1204.3,1206.4,
465.053,1203.5,1205.6,
465.126,1203.6,1205.7,
465.199,1203.2,1206.1,
465.272,1203.8,1205.9,
465.345,1204.1,1206.2,
465.418,1203.8,1205.8,
465.491,1203.9,1206.0,
465.564,1203.4,1205.5,
465.637,1203.3,1206.3,
465.710,1201.9,1205.3,
465.783,1202.8,1205.7,
465.857,1202.1,1204.2,
465.930,1203.4,1205.5,
466.003,1204.0,1206.0,
466.076,1203.4,1206.4,
466.149,858.0,1075.4,
466.214,66.7,1205.5,
466.287,230.9,1206.2,
466.360,109.7,1206.1,
466.433,345.8,1206.0,
466.506,173.1,1205.9,
466.579,82.3,1204.7,
466.652,262.8,1205.7,
466.725,108.9,1165.9,
466.803,1199.3,1201.4,
466.876,1204.0,1206.1,
466.950,1203.1,1206.1,
467.023,1203.7,1205.8,
467.096,1204.0,1206.1,
467.169,1203.2,1205.3,
467.242,1203.3,1205.4,
467.315,1203.5,1205.6,
467.388,1203.9,1205.9,
467.461,1203.5,1205.6,
467.534,1202.3,1205.8,
467.607,1203.1,1206.0,
467.680,1201.7,1204.7,
467.753,1203.1,1205.2,
467.826,1204.2,1205.6,
467.899,1203.8,1205.8,
467.972,1204.0,1206.2,
468.045,1203.6,1205.7,
468.118,1204.1,1206.2,
468.191,1203.6,1205.7,
468.264,1203.2,1206.1,
468.337,1203.4,1206.2,
468.410,1203.9,1205.9,
468.483,1204.0,1206.0,
468.556,1202.2,1205.7,
468.629,1202.8,1205.8,
468.702,1204.2,1206.2,
468.775,1203.5,1205.7,
17,28*72
468.860,1203.5,1205.6,
468.933,1201.9,1204.1,
469.006,1203.4,1205.5,
469.079,1203.3,1206.2,
469.152,1203.4,1205.4,
469.225,1203.8,1205.9,
469.298,1203.7,1205.8,
469.371,1203.5,1205.5,
469.444,1202.9,1205.8,
469.517,1203.1,1204.3,
469.590,1203.2,1206.2,
469.663,1203.4,1206.3,
469.736,1203.1,1206.0,
469.809,1203.7,1205.8,
469.882,1201.6,1205.2,
469.955,1203.6,1205.6,
470.028,1203.4,1206.3,
470.101,1203.3,1205.4,
470.174,1204.0,1206.1,
470.247,1202.9,1205.8,
470.320,1203.8,1205.9,
470.393,1203.0,1205.1,
470.466,1203.7,1204.9,
470.539,1203.8,1205.8,
470.612,1204.1,1205.3,
470.685,1203.5,1205.5,
470.758,1203.5,1206.5,
470.832,1203.8,1205.9,
470.905,1203.7,1205.7,
470.978,1203.3,1205.4,
471.051,1203.1,1206.0,
471.124,1203.0,1205.8,
471.197,1203.3,1205.4,
471.270,1203.6,1205.7,
471.343,1203.3,1206.2,
471.416,1203.4,1205.4,
471.489,1203.6,1205.7,
471.562,1203.1,1205.3,
471.635,1203.6,1205.7,
471.708,1204.4,1206.5,
471.781,528.1,743.7,
471.828,67.9,1205.9,
471.901,229.9,1206.2,
471.974,107.3,1205.6,
472.047,347.6,1206.0,
472.120,156.9,1205.7,
472.193,81.7,1205.5,
472.266,264.1,1205.9,
472.339,94.5,173.9,
472.351,269.9,302.9,
472.372,278.1,1208.7,
472.445,1203.7,1205.7,
472.518,1203.6,1205.8,
472.591,1203.2,1205.3,
472.664,1204.2,1206.3,
472.737,1203.5,1205.5,
472.810,1202.6,1206.1,
472.883,1203.6,1205.7,
472.956,1203.4,1206.3,
473.029,1204.0,1206.0,
473.102,1202.9,1205.8,
473.175,1203.5,1205.5,
473.248,1203.0,1206.0,
473.321,1203.9,1206.0,
473.394,1203.7,1205.8,
473.467,1202.9,1205.8,
473.540,1202.3,1205.7,
473.613,1202.7,1205.6,
473.686,1203.8,1205.8,
473.759,1203.8,1206.7,
473.833,1203.5,1204.8,
473.906,1203.3,1206.3,
473.979,1203.7,1205.8,
474.052,1203.6,1205.7,
474.125,1203.5,1205.5,
474.198,1203.0,1205.1,
474.271,1203.4,1205.4,
474.344,1203.4,1206.3,
474.417,1203.5,1205.6,
474.490,1203.7,1205.8,
474.563,1202.2,1205.8,
474.636,1203.9,1205.9,
474.709,1203.7,1205.7,
474.782,1203.7,1206.1,
474.855,1203.4,1205.5,
474.928,1203.7,1205.7,
475.001,1203.1,1206.0,
475.074,1203.7,1205.7,
475.147,1202.6,1205.6,
475.220,1203.4,1205.5,
475.293,1203.0,1205.9,
475.366,1203.1,1205.2,
475.439,1203.6,1204.9,
475.512,1203.7,1205.8,
475.585,1203.2,1206.1,
475.658,1204.6,1206.7,
475.731,1203.9,1206.0,
475.804,1202.3,1205.7,
475.877,1203.1,1206.0,
475.950,1203.7,1205.7,
$GPRMC,050211.00,A,4840.22734,N,00858.09324,E,14.032,235.46,110820,,,A*50
476.548,1203.7,1205.8,
476.621,1203.0,1205.9,
476.694,1203.4,1205.5,
476.769,1203.3,1205.9,
476.842,1202.2,1206.4,
476.915,1203.5,1205.6,
476.988,1203.1,1206.1,
477.061,1203.3,1206.2,
477.134,1204.0,1206.1,
477.207,1203.8,1205.9,
477.280,1203.1,1205.2,
477.353,213.2,1206.1,
477.426,83.4,193.6,
477.440,189.5,190.8,
477.454,177.7,1205.8,
477.527,96.7,192.5,
477.541,158.4,188.6,
477.555,191.5,190.9,
477.569,76.5,188.8,
477.582,187.2,187.5,
477.596,188.5,188.8,
477.610,77.1,186.0,
477.623,188.4,189.6,
477.637,192.1,188.3,
477.651,110.9,193.9,
477.665,187.5,191.4,
477.679,191.0,188.5,
477.693,137.1,192.9,
477.707,198.2,193.1,
477.721,55.7,195.8,
477.735,151.3,192.0,
477.749,189.9,192.8,
477.763,58.9,193.9,
477.777,175.1,194.5,
477.791,193.1,217.6,
477.807,63.6,194.7,
477.821,178.0,194.3,
477.835,194.4,191.1,
477.849,193.3,195.7,
477.863,190.3,196.7,
477.877,190.8,195.2,
477.891,94.3,126.6,
477.901,191.9,196.6,
477.916,84.1,191.0,
477.930,163.6,589.9,
477.967,196.1,198.2,
477.981,57.0,194.2,
477.995,141.6,192.7,
478.009,197.5,198.7,
478.031,196.5,203.0,
478.046,198.6,198.9,
478.060,200.8,203.7,
478.075,198.8,200.0,
478.089,201.9,198.6,
478.103,199.2,198.6,
478.118,199.1,197.5,
478.132,199.2,199.6,
478.146,196.0,197.3,
478.160,197.0,201.9,
478.175,196.1,199.1,
478.189,201.1,198.7,
478.204,197.8,198.1,
478.218,200.1,199.5,
478.232,199.7,199.0,
478.247,205.9,200.8,
478.261,196.1,197.4,
478.275,198.8,197.2,
478.290,199.6,202.5,
478.304,194.9,196.1,
478.318,197.2,195.6,
478.332,195.5,195.9,
478.346,202.4,196.3,
478.361,200.7,195.5,
478.375,205.9,196.4,
478.390,195.5,195.8,
478.404,196.6,195.1,
478.418,196.0,197.2,
478.432,196.1,197.3,
478.447,196.1,196.5,
478.461,200.4,197.9,
478.475,197.3,197.6,
478.489,200.5,203.5,
478.504,197.8,207.2,
478.519,198.8,199.1,
478.533,205.0,207.5,
478.548,207.5,206.7,
478.563,204.9,206.9,
478.577,202.0,1205.9,
478.651,199.4,201.5,
478.665,199.5,200.7,
478.679,201.7,205.6,
478.694,201.1,203.2,
478.709,202.3,203.5,
478.723,201.5,207.9,
478.738,199.8,201.8,
478.753,201.0,201.4,
478.767,202.0,217.9,
478.783,200.0,1205.6,
478.856,199.8,1205.9,
478.929,200.3,204.4,
50213.00,A,A*6C
478.962,201.2,1205.7,
479.035,197.6,198.8,
479.049,204.4,206.5,
479.064,208.6,201.7,
479.079,1203.4,209.9,
479.152,200.3,201.5,
479.166,200.0,201.2,
479.181,201.7,201.0,
479.195,202.0,202.3,
479.209,208.3,202.4,
479.224,202.3,202.7,
479.239,202.6,203.0,
479.253,208.8,202.8,
479.268,203.0,203.4,
479.283,210.5,205.4,
479.298,205.9,209.8,
479.313,207.3,207.7,
479.327,206.1,206.5,
479.342,208.9,211.8,
479.357,211.1,212.3,
479.372,209.6,212.6,
479.387,210.3,215.0,
479.402,215.6,221.1,
479.418,215.0,213.5,
479.433,218.7,214.5,
479.449,218.5,223.2,
479.464,218.9,217.3,
479.480,220.2,215.1,
479.495,234.4,1206.5,
479.568,220.2,217.8,
479.584,217.4,216.7,
479.599,218.6,220.0,
479.615,217.7,216.7,
479.630,218.3,218.6,
479.646,218.2,218.5,
479.661,218.7,219.0,
479.677,220.1,220.5,
479.692,221.1,221.4,
479.708,221.4,218.8,
479.724,219.1,219.4,
479.739,219.6,224.9,
479.755,221.4,221.7,
479.771,222.6,230.6,
479.787,223.3,223.7,
479.803,224.9,224.2,
479.819,224.7,226.7,
479.835,226.7,228.2,
479.851,229.8,233.6,
479.867,227.7,228.1,
479.883,232.5,230.9,
479.899,230.5,229.8,
479.915,231.8,233.3,
479.932,231.9,232.2,
479.948,233.5,252.8,
479.965,235.6,235.9,
479.982,235.3,236.5,
479.998,237.3,235.6,
480.015,238.8,237.3,
480.031,238.1,239.4,
480.048,240.6,241.1,
480.065,240.7,243.6,
480.082,244.1,244.5,
480.099,264.4,244.5,
480.117,1203.5,249.8,
480.190,254.8,1205.4,
480.263,248.9,249.2,
480.280,253.2,1205.1,
480.353,1204.0,256.7,
480.426,254.1,254.5,
480.443,248.8,253.4,
480.461,260.5,258.0,
480.479,1202.7,1204.9,
480.552,250.2,1205.9,
480.625,1203.7,1205.8,
480.698,250.5,1205.5,
480.771,250.6,251.8,
480.788,249.5,255.3,
480.806,250.9,1205.8,
480.879,249.0,252.9,
480.896,249.7,251.0,
480.914,249.7,253.5,
480.931,250.4,251.9,
480.948,262.9,1205.1,
481.021,1203.1,249.6,
481.094,243.1,247.9,
481.111,241.6,246.3,
481.128,242.2,246.9,
481.145,241.6,246.3,
481.162,240.5,243.5,
481.179,241.0,242.2,
481.196,240.9,245.6,
481.213,238.7,244.3,
481.230,239.1,1206.1,
481.303,240.4,1206.1,
481.376,241.9,241.1,
481.393,239.5,239.9,
481.410,243.0,240.6,
481.426,235.9,244.9,
481.443,238.3,238.6,
481.460,239.0,237.4,
50216.00,A,4840.21561,N,00858.07027,E,13.951,233.61,110820,,,A*50
481.547,1203.5,1205.6,
481.620,237.4,241.3,
481.637,236.4,240.2,
481.654,239.8,241.8,
481.670,237.2,1205.9,
481.743,236.3,1205.9,
481.816,236.3,239.2,
481.833,234.7,1205.5,
481.906,231.5,232.0,
481.922,229.4,1205.6,
481.995,229.1,1206.3,
482.068,233.5,1205.4,
482.141,227.0,226.3,
482.157,231.5,230.8,
482.173,231.4,228.2,
482.190,228.0,234.2,
482.206,1203.9,238.2,
482.279,228.5,228.9,
482.295,1203.2,231.5,
482.368,1202.8,1205.7,
482.441,228.8,1205.9,
482.514,225.1,227.2,
482.530,223.8,233.7,
482.546,225.1,1206.4,
482.619,223.7,228.4,
482.635,223.3,224.5,
482.651,222.6,226.3,
482.667,222.0,224.6,
482.683,223.0,223.3,
482.698,222.7,225.7,
482.714,221.5,223.6,
482.730,226.3,1205.9,
482.803,225.3,228.3,
482.819,221.6,225.4,
482.835,223.0,224.2,
482.851,225.9,222.9,
482.867,222.2,230.4,
482.883,222.8,229.7,
482.899,221.4,222.8,
482.915,221.9,235.1,
482.931,222.9,238.1,
482.948,223.6,1205.7,
483.021,221.6,226.3,
483.037,104.2,247.3,
483.054,67.9,1205.6,
483.127,224.0,1206.0,
483.200,108.7,226.3,
483.216,193.2,1206.0,
483.289,70.7,226.7,
483.305,154.3,248.8,
483.322,226.7,1205.8,
483.395,88.8,225.3,
483.411,201.8,223.2,
483.426,227.6,228.8,
483.442,126.0,231.1,
483.459,142.3,224.5,
483.474,191.3,225.4,
483.490,226.5,225.8,
483.506,70.6,226.5,
483.522,106.2,230.1,
483.538,199.4,227.7,
483.554,229.4,228.7,
483.570,76.0,228.0,
483.586,119.0,228.7,
483.602,203.5,230.1,
483.618,202.5,202.8,
483.641,224.6,224.9,
483.657,230.5,230.8,
483.673,231.9,235.3,
483.689,230.1,231.3,
483.705,231.4,231.7,
483.722,231.1,231.4,
483.738,1203.8,235.1,
483.811,237.2,239.6,
483.828,235.7,241.0,
483.844,236.6,237.0,
483.861,241.0,238.5,
483.877,243.5,240.3,
483.894,240.1,1205.5,
483.967,243.4,241.9,
483.984,247.8,1205.9,
484.057,245.0,1206.0,
484.130,1204.2,1206.2,
484.203,246.9,248.1,
484.220,247.1,249.2,
484.238,248.1,1205.5,
484.311,251.2,250.5,
484.328,1203.8,1205.9,
484.401,1203.2,252.7,
484.474,256.8,252.3,
484.492,250.9,252.1,
484.509,252.4,252.8,
484.527,255.6,252.3,
484.544,251.6,252.0,
484.562,254.0,255.2,
484.579,252.8,255.0,
484.597,262.6,263.0,
484.615,1203.2,1205.2,
484.688,1202.5,1205.0,
484.761,261.6,1205.9,
9,289,,29,85,217,28*73
484.860,264.0,266.0,
484.878,1203.9,266.2,
484.951,269.1,267.6,
484.969,265.2,265.6,
484.988,1203.7,269.2,
485.060,269.0,1205.9,
485.133,1203.4,273.1,
485.206,272.0,273.2,
485.225,273.3,272.6,
485.243,272.2,276.9,
485.262,1204.2,1206.3,
485.335,1202.9,1205.7,
485.408,1203.2,1205.2,
485.481,1204.1,1206.2,
485.554,277.6,278.8,
485.573,281.4,282.6,
485.593,282.7,283.0,
485.612,1200.5,1205.7,
485.685,1203.0,1206.0,
485.758,1204.3,1206.3,
485.831,285.0,1205.6,
485.904,283.5,283.8,
485.923,283.1,286.5,
485.943,295.8,1205.8,
486.016,1203.5,1205.6,
486.089,1203.1,1205.1,
486.162,1203.8,1205.7,
486.235,282.0,291.8,
486.254,286.2,1205.9,
486.327,294.0,284.6,
486.347,280.7,283.6,
486.367,281.9,1205.3,
486.440,295.2,1205.9,
486.513,279.9,1206.3,
486.586,278.2,1205.8,
486.659,277.0,278.1,
486.678,1202.2,1205.6,
486.751,1203.3,1206.2,
486.824,1203.1,1206.0,
486.897,280.1,283.6,
486.916,281.7,282.9,
486.935,285.6,1206.0,
487.008,283.9,1205.7,
487.081,1204.1,288.1,
487.154,284.8,286.7,
487.173,1203.6,287.8,
487.246,285.6,288.5,
487.266,290.1,1206.1,
487.339,291.4,290.7,
487.358,291.8,287.8,
487.378,1203.6,1205.6,
487.451,1202.9,1205.9,
487.524,1203.3,1206.2,
487.597,297.6,299.7,
487.617,1203.7,1205.7,
487.690,297.7,1207.3,
487.764,297.0,1206.1,
487.837,1203.7,1205.8,
487.910,294.4,1205.7,
487.983,306.2,1205.9,
488.056,286.7,1205.3,
488.129,284.1,1205.9,
488.202,282.4,1205.2,
488.275,279.2,281.1,
488.294,280.7,1205.6,
488.367,1203.9,1206.0,
488.440,277.9,280.0,
488.459,277.9,279.9,
488.478,1203.6,1205.6,
488.551,1203.7,1205.8,
488.624,269.8,271.1,
488.643,103.8,274.2,
488.661,278.7,274.2,
488.680,88.0,1205.8,
488.754,318.5,1205.0,
488.827,145.4,1205.5,
488.900,56.9,1206.2,
488.973,261.6,1205.9,
489.046,117.2,1206.3,
489.119,351.0,1163.8,
489.189,257.9,1205.6,
489.267,259.2,260.5,
489.287,256.9,258.1,
489.305,255.9,258.1,
489.323,255.5,258.4,
489.340,253.9,255.1,
489.358,251.8,252.1,
489.375,1203.0,1205.9,
489.448,248.3,250.3,
489.465,249.0,252.0,
489.483,250.2,252.3,
489.500,247.6,1205.6,
489.573,245.3,249.1,
489.590,246.4,246.7,
489.608,244.8,246.9,
489.625,243.0,244.3,
489.642,245.6,245.9,
489.659,243.4,244.7,
489.676,245.9,245.2,
489.693,242.6,1205.3,
089,,12,30,097,30*71
489.790,240.5,244.4,
489.807,240.1,243.1,
489.824,240.8,242.0,
489.841,240.3,241.7,
489.858,1202.9,243.9,
489.931,236.4,239.8,
489.947,235.4,1206.1,
490.020,231.5,241.5,
490.037,231.4,239.7,
490.054,229.3,1205.7,
490.127,227.7,1205.5,
490.200,225.9,227.2,
490.216,233.7,1204.2,
490.289,224.9,230.5,
490.305,229.8,1205.4,
490.378,229.6,234.3,
490.394,228.6,227.0,
490.410,240.2,229.9,
490.427,225.4,244.0,
490.444,228.6,229.0,
490.460,225.6,231.2,
490.476,228.1,255.9,
490.493,244.1,1206.7,
490.567,226.7,228.0,
490.583,226.8,228.0,
490.599,235.9,1205.5,
490.672,225.6,228.1,
490.688,225.1,1205.0,
490.761,224.5,238.5,
490.777,224.3,1206.0,
490.850,225.6,1205.9,
490.923,235.5,1206.4,
490.996,225.4,227.5,
491.012,225.7,227.0,
491.028,230.1,228.5,
491.044,228.5,229.7,
491.060,226.6,227.8,
491.076,228.0,1206.1,
491.149,1203.2,230.1,
491.222,231.6,1206.1,
491.295,236.3,1205.7,
491.368,230.2,234.0,
491.385,1202.8,235.3,
491.457,230.2,249.5,
491.475,1204.2,234.8,
491.548,1203.9,1206.1,
491.621,1203.4,1205.5,
491.694,234.2,236.3,
491.710,234.3,234.6,
491.727,233.1,234.3,
491.743,1203.1,235.1,
491.816,234.0,235.2,
491.833,235.9,1206.1,
491.906,1204.0,1206.1,
491.979,1203.2,1205.3,
492.052,235.9,237.1,
492.068,239.8,240.1,
492.085,237.6,238.0,
492.102,240.9,237.6,
492.118,1203.3,243.0,
492.191,236.8,239.8,
492.208,242.2,242.5,
492.225,1203.2,1205.4,
492.298,240.6,1205.3,
492.371,242.1,244.2,
492.388,241.4,242.6,
492.404,244.8,241.4,
492.421,1203.3,245.0,
492.494,248.2,259.5,
492.512,1204.0,1206.0,
492.585,248.4,246.8,
492.602,245.3,1205.8,
492.675,246.6,246.9,
492.693,244.4,1206.1,
492.766,245.0,251.3,
492.783,1203.1,1205.2,
492.856,1202.0,1206.4,
492.929,263.8,1206.2,
493.002,248.2,1206.4,
493.075,244.7,245.0,
493.092,247.1,249.2,
493.109,244.7,250.3,
493.127,244.0,1205.6,
493.200,242.8,247.5,
493.217,249.6,246.4,
493.234,1203.2,1205.3,
493.307,243.0,243.4,
493.324,243.9,1206.0,
493.397,240.9,243.9,
493.414,244.5,244.8,
493.431,246.4,1205.6,
493.504,236.3,1205.8,
493.577,237.1,238.3,
493.593,237.1,239.2,
493.610,236.0,237.2,
493.627,235.1,237.3,
493.643,235.6,237.9,
493.660,234.9,236.5,
493.676,234.8,1206.3,
493.749,236.6,1205.9,
,33,26,19,289,,29,85,217,28*72
493.856,231.0,245.1,
493.873,232.3,246.6,
493.890,230.4,230.8,
493.907,230.0,231.3,
493.923,228.9,230.2,
493.939,230.4,1205.6,
494.012,227.4,231.3,
494.028,227.4,1206.1,
494.101,225.3,229.2,
494.117,223.4,232.4,
494.133,223.0,233.0,
494.150,222.2,228.7,
494.166,222.1,228.6,
494.182,221.5,222.7,
494.197,222.1,225.1,
494.213,221.1,223.2,
494.229,221.7,222.9,
494.244,220.9,223.0,
494.260,57.6,223.4,
494.276,4.2,221.7,
494.291,150.3,223.3,
494.307,219.1,222.0,
494.323,219.1,221.2,
494.338,90.3,220.9,
494.354,179.4,223.3,
494.370,218.3,221.2,
494.385,63.1,218.7,
494.401,121.7,1205.2,
494.474,217.8,222.5,
494.489,68.7,217.8,
494.505,188.0,220.2,
494.521,217.8,222.4,
494.536,77.1,221.2,
494.552,125.3,232.6,
494.568,183.6,1205.3,
494.641,78.7,1205.7,
494.714,216.4,338.3,
494.737,217.3,218.5,
494.752,63.6,217.6,
494.768,116.8,217.0,
494.783,209.6,218.2,
494.798,213.1,215.2,
494.814,69.1,101.6,
494.822,217.6,71.4,
494.838,212.0,211.3,
494.862,103.3,103.7,
494.873,216.9,219.0,
494.889,216.8,226.7,
494.905,217.8,220.0,
494.920,234.6,1206.1,
494.993,213.6,215.7,
495.009,213.1,215.2,
495.024,212.2,1206.5,
495.097,212.0,1205.1,
495.170,213.3,220.5,
495.185,213.3,220.5,
495.201,212.8,214.9,
495.216,212.7,219.2,
495.231,212.4,215.3,
495.247,213.9,229.3,
495.263,211.1,214.1,
495.278,221.7,1205.8,
495.351,210.6,213.6,
495.366,211.1,217.5,
495.381,211.0,211.4,
495.396,209.6,214.4,
495.412,222.4,1205.4,
495.485,210.3,216.8,
495.500,211.3,212.5,
495.515,208.0,216.8,
495.531,213.0,211.5,
495.546,210.6,218.0,
495.561,1203.0,213.8,
495.634,1202.2,1206.1,
495.707,211.6,1205.7,
495.780,211.7,1205.9,
495.854,214.6,217.5,
495.869,220.7,218.3,
495.884,224.8,218.9,
495.900,1203.1,223.8,
495.973,216.0,216.3,
495.988,224.6,1206.0,
496.061,220.5,221.7,
496.077,230.6,1210.9,
496.150,219.7,222.7,
496.166,1203.7,220.3,
496.239,217.1,221.7,
496.254,220.5,1205.8,
496.327,224.3,1205.9,
496.400,225.5,225.8,
496.416,226.1,226.4,
496.432,222.5,227.2,
496.448,228.1,228.5,
496.464,225.5,1206.3,
496.537,227.5,227.9,
496.553,228.6,228.9,
496.569,230.5,234.8,
496.585,231.5,229.9,
496.601,226.7,238.0,
496.618,234.6,231.3,
1,04,4.63,453.7,M,47.5,M,,*5E
496.669,233.3,230.3,
496.685,227.7,228.0,
496.701,228.5,228.9,
496.717,228.4,234.8,
496.734,234.4,1205.8,
496.807,232.9,233.2,
496.823,238.6,235.4,
496.840,234.7,234.0,
496.856,238.6,236.2,
496.873,234.8,234.1,
496.889,234.8,239.2,
496.906,235.5,234.8,
496.922,235.0,235.3,
496.939,235.7,236.0,
496.955,236.8,237.1,
496.972,237.5,237.9,
496.988,237.6,236.9,
497.005,1203.4,1205.5,
497.078,242.9,242.2,
497.095,240.9,244.8,
497.112,246.7,1205.6,
497.185,240.0,241.2,
497.201,239.2,242.1,
497.218,242.5,246.4,
497.235,241.6,245.3,
497.252,240.7,242.8,
497.269,241.0,241.3,
497.286,240.8,242.9,
497.303,240.8,242.9,
497.320,1203.4,1206.3,
497.393,239.8,1205.6,
497.466,240.9,243.9,
497.483,240.0,1205.6,
497.556,238.7,241.6,
497.572,237.4,237.7,
497.589,245.0,242.6,
497.606,243.3,246.6,
497.623,243.1,248.5,
497.640,240.5,1206.4,
497.713,1202.2,1205.7,
497.786,242.6,244.7,
497.803,248.7,1206.0,
497.876,240.9,245.3,
497.893,243.8,244.2,
497.910,243.2,243.5,
497.927,243.5,247.0,
497.944,249.9,1206.1,
498.017,257.2,1206.4,
498.090,243.6,1205.9,
498.163,254.0,249.1,
498.181,252.0,254.1,
498.198,248.4,248.7,
498.216,245.8,249.6,
498.233,250.9,250.3,
498.250,245.7,251.2,
498.267,251.0,250.3,
498.285,1203.7,254.3,
498.358,1203.2,253.0,
498.430,1202.1,1205.6,
498.504,252.5,256.8,
498.521,253.6,253.9,
498.539,257.8,255.8,
498.556,263.1,256.1,
498.574,256.6,255.9,
498.592,259.5,260.7,
498.610,258.3,258.6,
498.628,260.1,259.4,
498.646,261.3,261.7,
498.664,263.3,260.9,
498.682,262.4,262.8,
498.700,262.9,263.3,
498.718,265.4,264.7,
498.736,266.7,265.2,
498.755,265.0,266.1,
498.773,266.8,268.0,
498.791,268.7,269.0,
498.810,269.7,1205.9,
498.883,274.2,273.5,
498.902,1204.0,1206.0,
498.975,280.5,278.1,
498.994,278.0,278.4,
499.013,1203.9,280.0,
499.086,1203.6,284.1,
499.158,1203.5,1205.6,
499.231,288.7,288.0,
499.251,292.3,1206.4,
499.324,294.6,292.2,
499.344,1202.7,1205.6,
499.417,1203.9,1206.0,
499.490,1203.6,1206.5,
499.563,1203.6,1204.8,
499.636,288.6,289.8,
499.656,290.2,289.5,
499.676,1203.2,1204.4,
499.749,1203.9,1205.9,
499.822,978.5,1194.4,
499.894,65.4,1206.1,
499.967,229.7,285.1,
499.986,280.8,1206.3,
500.059,131.5,280.4,
$GPRMC,050235.00,A,4840.16820,N,00857.98401,E,13.870,225.20,110820,,,A*54
500.547,1203.6,1205.7,
500.620,241.4,1204.3,
500.693,237.2,245.3,
500.710,240.7,1205.9,
500.783,1203.3,1205.4,
500.856,226.9,228.1,
500.872,226.8,227.1,
500.888,226.0,1206.1,
500.961,222.3,221.6,
500.977,223.8,223.1,
500.993,216.6,219.4,
501.008,214.5,221.7,
501.024,213.8,218.5,
501.039,212.6,216.5,
501.054,213.8,225.6,
501.070,210.5,1205.7,
501.143,205.6,206.8,
501.158,209.1,209.4,
501.173,204.1,206.2,
501.188,203.6,209.3,
501.202,202.4,204.5,
501.217,201.3,204.3,
501.232,203.9,203.2,
501.246,199.4,207.6,
501.261,200.6,207.0,
501.276,200.0,201.2,
501.290,199.5,201.6,
501.304,198.5,205.8,
501.319,200.3,200.7,
501.333,197.1,199.2,
501.348,198.5,202.4,
501.362,198.5,199.7,
501.377,118.1,118.4,
501.394,145.0,449.6,
501.424,137.6,137.9,
501.448,197.7,205.0,
501.463,200.6,1205.4,
501.536,195.6,196.8,
501.550,195.5,201.1,
501.565,194.1,1206.1,
501.638,201.8,1206.1,
501.711,193.7,1206.1,
501.784,198.1,198.5,
501.798,199.3,196.0,
501.812,199.6,199.0,
501.827,196.3,197.5,
501.841,199.3,198.6,
501.855,196.2,196.5,
501.870,197.8,200.0,
501.884,196.3,197.5,
501.898,197.1,197.5,
501.912,202.2,203.5,
501.927,198.8,199.1,
501.941,199.7,199.0,
501.956,200.2,199.5,
501.970,200.6,200.9,
501.984,201.4,201.8,
501.999,201.7,203.0,
502.013,202.5,202.9,
502.036,203.3,203.6,
502.051,210.5,207.1,
502.066,206.1,207.3,
502.081,211.7,207.5,
502.096,210.2,209.5,
502.111,208.8,209.1,
502.125,209.9,210.2,
502.140,210.4,210.7,
502.155,211.0,212.3,
502.170,210.9,212.2,
502.186,217.3,217.6,
502.201,1203.8,214.7,
502.274,220.1,221.3,
502.289,218.3,218.7,
502.305,219.2,222.2,
502.321,225.6,222.4,
502.336,222.5,221.8,
502.352,222.0,224.1,
502.368,222.8,223.1,
502.383,223.4,227.3,
502.399,220.9,222.1,
502.415,224.9,226.1,
502.431,225.0,226.2,
502.447,231.5,232.7,
502.463,229.8,229.1,
502.479,1203.0,243.0,
502.552,233.2,236.2,
502.568,232.9,231.3,
502.585,1203.5,233.8,
502.658,232.7,231.9,
502.674,233.9,236.8,
502.691,234.8,1206.4,
502.764,235.6,239.0,
502.780,240.8,240.1,
502.797,238.0,244.8,
502.814,1202.0,250.6,
502.887,1203.2,1206.1,
502.960,241.2,1206.0,
503.033,243.3,247.2,
503.050,241.9,249.2,
503.067,1203.3,1206.2,
$GPRMC,050238.00,A,4840.15982,N,00857.97177,E,14.117,224.48,110820,,,A*58
503.547,263.9,263.2,
503.565,262.1,262.6,
503.583,263.7,262.9,
503.602,264.6,265.1,
503.620,266.3,266.7,
503.638,266.9,266.1,
503.656,1203.9,271.3,
503.729,270.5,270.8,
503.749,261.4,261.7,
503.767,37.2,171.1,
503.779,30.4,273.0,
503.798,71.1,274.5,
503.817,85.6,276.5,
503.836,130.8,281.5,
503.855,158.5,278.5,
503.874,246.8,280.9,
503.893,237.6,282.4,
503.912,283.4,282.8,
503.932,283.8,284.2,
503.951,60.5,1205.8,
504.024,223.8,290.8,
504.044,276.7,291.6,
504.063,294.5,294.8,
504.083,296.2,295.5,
504.103,295.2,295.5,
504.123,52.1,1206.0,
504.196,225.3,299.8,
504.216,254.3,300.6,
504.236,262.8,333.3,
504.258,271.1,302.9,
504.279,279.4,302.5,
504.299,302.8,303.2,
504.319,325.2,306.1,
504.341,1203.5,1206.4,
504.414,308.2,310.4,
504.435,309.3,309.7,
504.456,310.9,307.9,
504.476,1203.6,1205.7,
504.550,1202.0,1204.2,
504.623,1204.1,1206.1,
504.696,326.7,1205.7,
504.769,324.2,326.3,
504.790,325.5,325.8,
504.812,1203.2,1205.6,
504.885,1203.3,1206.3,
504.958,326.7,1206.0,
505.031,1202.8,1205.8,
505.104,1203.8,1205.9,
505.177,1203.6,1205.7,
505.250,1203.3,1206.4,
505.323,1204.0,1206.0,
505.396,329.6,332.6,
505.418,1202.9,1205.9,
505.492,334.0,1204.9,
505.565,333.4,1206.2,
505.638,1203.8,1205.9,
505.711,337.1,1206.3,
505.784,1203.1,1205.2,
505.857,1202.0,1206.3,
505.930,1066.9,1067.2,
506.005,1203.9,1205.9,
506.078,1203.5,1205.6,
506.151,1203.6,1206.6,
506.224,1203.7,1205.7,
506.297,1203.7,1205.7,
506.370,329.4,1205.8,
506.443,341.1,1205.9,
506.516,326.3,1205.4,
506.589,1203.3,1206.3,
506.662,324.8,1205.6,
506.735,333.3,334.5,
506.758,325.9,1205.5,
506.831,1204.6,1206.1,
506.904,1202.9,1205.9,
506.977,327.3,1206.0,
507.050,1203.0,1206.0,
507.123,1203.3,1206.2,
507.196,1203.9,1206.0,
507.269,1204.2,1206.3,
507.342,1202.7,1204.7,
507.415,1203.5,1206.0,
507.488,1203.1,1205.2,
507.561,318.8,1204.6,
507.634,1203.7,1205.8,
507.707,1202.8,1205.4,
507.780,1204.0,1206.1,
507.853,314.8,317.8,
507.874,1203.9,1205.9,
507.947,1203.3,1206.3,
508.020,312.1,316.9,
508.042,1203.4,1205.5,
508.115,1203.4,329.9,
508.188,1202.7,1205.6,
508.261,311.3,1205.9,
508.333,304.4,1206.0,
508.406,1204.1,1206.3,
508.480,302.0,1205.4,
508.552,1205.0,1207.1,
508.626,302.3,301.6,
508.646,306.2,305.5,
*51
508.673,300.8,1205.4,
508.746,1202.3,1204.3,
508.819,298.0,1205.6,
508.892,300.9,301.3,
508.912,298.4,298.7,
508.932,1203.7,299.6,
509.005,1203.2,1205.2,
509.078,1203.1,1206.0,
509.151,292.1,1205.8,
509.224,290.0,295.4,
509.244,292.0,297.4,
509.264,304.3,1206.0,
509.337,290.4,745.3,
509.383,385.1,1205.7,
509.456,232.8,289.7,
509.476,265.0,1204.9,
509.549,111.2,1205.8,
509.622,326.4,1205.4,
509.695,206.5,1205.7,
509.768,60.4,1205.7,
509.841,275.6,285.8,
509.860,280.8,363.9,
509.884,277.9,348.0,
509.907,279.2,1205.6,
509.980,280.1,1205.5,
510.053,278.5,1205.7,
510.126,278.0,1206.1,
510.199,275.8,1205.6,
510.272,1204.1,1206.1,
510.345,289.2,1205.9,
510.418,1203.1,1206.0,
510.491,1203.5,1205.6,
510.564,1202.9,1205.8,
510.638,1202.1,1205.6,
510.711,1203.5,1206.3,
510.784,1203.7,1205.7,
510.857,1204.0,1206.1,
510.930,1203.2,1206.1,
511.003,1203.1,1206.0,
511.076,1203.4,1205.4,
511.149,1203.4,1206.3,
511.222,1203.5,1205.5,
511.295,1203.6,1205.6,
511.368,1203.8,1205.8,
511.441,1203.7,1205.8,
511.514,1203.5,1205.8,
511.587,1202.9,1205.8,
511.660,1203.6,1205.7,
511.733,1203.4,1206.4,
511.806,1202.5,1205.9,
511.879,1203.4,1206.3,
511.952,1204.1,1206.3,
512.025,1203.8,1205.9,
512.098,1203.4,1205.5,
512.171,1203.2,1206.2,
512.244,1203.3,1206.2,
512.317,1203.7,1205.7,
512.390,1203.1,1206.0,
512.463,1203.5,1206.1,
512.536,1203.8,1205.9,
512.609,1203.6,1205.7,
512.682,1203.8,1205.9,
512.755,1204.1,1205.3,
512.828,1203.5,1205.6,
512.901,1203.1,1206.0,
512.974,1203.7,1205.7,
513.047,1203.0,1205.9,
513.120,1203.0,1205.9,
513.193,1203.5,1205.6,
513.266,1203.8,1205.7,
513.339,1203.6,1205.6,
513.412,1202.3,1205.2,
513.485,1203.1,1206.0,
513.558,1203.9,1206.0,
513.631,1203.4,1205.4,
513.704,1204.5,1206.5,
513.777,1203.1,1206.0,
513.850,1203.4,1205.6,
513.923,1203.4,1205.4,
513.997,1202.7,1205.6,
514.070,1203.6,1205.6,
514.143,1203.5,1205.6,
514.216,1202.9,1205.8,
514.288,1204.2,1206.2,
514.361,1203.7,1205.8,
514.435,1202.1,1205.5,
514.508,1203.7,1205.8,
514.581,1202.8,1205.7,
514.654,1203.2,1205.3,
514.727,1203.9,1205.4,
514.800,1203.2,1206.0,
514.873,1203.3,1205.4,
514.946,504.9,721.4,
514.991,367.6,1205.4,
515.064,214.5,1205.5,
515.137,79.9,1205.1,
515.210,312.3,1205.5,
515.283,173.1,1205.8,
515.356,79.8,1205.1,
515.429,274.8,307.6,
$GPRMC,050250.00,A,4840.11967,N,00857.92117,E,15.853,220.33,110820,,,A*5A
515.545,120.0,1205.7,
515.618,1204.0,1206.0,
515.691,1202.7,1205.7,
515.764,1203.9,1205.4,
515.837,1203.2,1205.3,
515.910,1203.3,1205.3,
515.983,1203.2,1206.1,
516.056,1203.0,1205.9,
516.129,1204.0,1206.1,
516.202,1203.8,1205.8,
516.275,1203.4,1205.4,
516.348,1203.4,1205.5,
516.421,1202.6,1205.6,
516.494,1204.0,1206.0,
516.567,1203.0,1205.9,
516.640,1203.8,1205.9,
516.713,1202.6,1206.0,
516.786,1203.1,1206.0,
516.859,1203.6,1205.6,
516.932,1202.5,1205.4,
517.005,1203.3,1205.3,
517.078,1203.5,1205.6,
517.151,1203.8,1205.8,
517.224,1203.3,1205.4,
517.297,1203.2,1206.1,
517.370,1203.7,1205.8,
517.443,1204.1,1206.1,
517.516,1203.2,1205.3,
517.589,1203.8,1205.8,
517.662,1203.2,1205.3,
517.735,1201.8,1206.0,
517.808,1203.7,1205.7,
517.881,1203.6,1205.7,
517.954,1203.6,1205.6,
518.027,1203.5,1205.5,
518.100,1202.7,1205.6,
518.173,1203.5,1205.6,
518.246,1203.5,1205.6,
518.319,1203.0,1205.8,
518.392,1203.9,1206.0,
518.465,1202.9,1205.8,
518.538,1203.2,1206.0,
518.611,1203.4,1205.5,
518.684,1203.4,1205.8,
518.757,1203.9,1205.9,
518.830,1202.9,1205.9,
518.903,1204.7,1206.7,
518.976,1203.0,1205.0,
519.049,1203.3,1205.3,
519.122,1203.0,1205.8,
519.195,1203.5,1205.6,
519.268,1202.9,1205.7,
519.341,1203.2,1205.3,
519.414,1203.1,1206.2,
519.487,1203.4,1206.3,
519.560,1203.7,1205.8,
519.633,1203.5,1205.6,
519.707,1202.0,1206.3,
519.780,1203.4,1205.4,
519.853,1202.8,1205.7,
519.926,1203.4,1205.4,
519.999,1203.3,1205.4,
520.072,1203.3,1205.3,
520.145,1203.3,1205.4,
520.218,1203.9,1205.9,
520.291,1203.2,1205.2,
520.364,1203.0,1205.0,
520.437,1203.3,1205.3,
520.510,1203.3,1205.5,
520.583,94.5,310.4,
520.603,385.9,1205.9,
520.676,233.6,1206.6,
520.749,117.0,1205.6,
520.823,350.7,1206.2,
520.896,193.4,1205.3,
520.969,56.9,1205.7,
521.042,291.0,1205.7,
521.115,127.0,1147.9,
521.192,1203.5,1205.7,
521.265,1203.6,1205.7,
521.338,1202.6,1205.5,
521.411,1203.9,1205.1,
521.484,1203.1,1205.3,
521.557,1203.8,1205.9,
521.630,1202.1,1204.2,
521.703,1203.3,1205.4,
521.776,1202.8,1205.3,
521.849,1203.8,1205.8,
521.922,1202.9,1205.8,
521.995,1203.6,1205.6,
522.068,1203.4,1205.5,
522.141,1203.6,1205.6,
522.214,1203.4,1206.3,
522.287,1202.9,1205.0,
522.360,1203.8,1205.9,
522.433,1203.1,1205.1,
522.506,1202.8,1205.7,
522.579,1202.7,1206.1,
522.652,1203.7,1205.8,
522.725,1203.0,1205.9,
,10,18,15,177,,25,63,093,32,26,19,289,,29,85,217,28*7B
522.858,1203.0,1205.9,
522.931,1203.8,1205.8,
523.004,1203.3,1205.4,
523.077,1202.8,1205.7,
523.150,1204.0,1206.1,
523.223,1203.1,1205.9,
523.296,1203.5,1205.6,
523.369,1202.8,1205.7,
523.442,1203.4,1203.8,
523.515,1203.8,1205.9,
523.588,1203.4,1205.5,
523.661,1203.0,1205.9,
523.734,1204.1,1206.2,
523.807,1202.0,1205.5,
523.880,1203.2,1206.2,
523.953,1203.5,1205.6,
524.028,1202.8,1205.8,
524.101,1203.8,1205.8,
524.174,1203.1,1206.0,
524.247,1203.7,1205.7,
524.320,1203.4,1205.5,
524.393,1203.1,1206.0,
524.466,1203.4,1205.6,
524.539,1203.4,1206.4,
524.612,1203.1,1205.2,
524.686,1202.9,1205.9,
524.759,1201.7,1205.9,
524.832,1203.6,1205.7,
524.905,1202.9,1205.8,
524.978,1203.5,1205.6,
525.051,1203.0,1205.9,
525.124,1203.4,1205.5,
525.197,1203.3,1206.3,
525.270,1203.6,1205.6,
525.343,1203.6,1205.6,
525.416,1203.2,1205.9,
525.489,1202.9,1205.9,
525.562,1203.7,1206.0,
525.635,1203.0,1205.9,
525.708,1203.0,1206.4,
525.781,1203.7,1205.8,
525.854,1203.6,1206.5,
525.927,1203.6,1205.7,
526.000,1204.0,1206.1,
526.073,1203.3,1205.4,
526.146,994.0,1205.9,
526.219,71.0,1205.3,
526.292,235.7,1205.2,
526.365,112.2,1205.9,
526.438,346.6,1206.3,
526.511,188.4,1206.2,
526.584,78.9,1205.7,
526.657,282.0,1206.0,
526.731,127.5,1174.4,
526.811,1184.6,1187.5,
526.883,1203.5,1206.6,
526.956,1203.4,1205.5,
527.029,1203.4,1206.3,
527.102,1203.4,1205.5,
527.175,1203.6,1205.7,
527.248,1204.1,1206.1,
527.321,1203.3,1206.2,
527.394,300.4,1205.5,
527.467,1203.3,1205.8,
527.540,1203.2,1206.1,
527.613,1203.0,1205.9,
527.686,1203.2,306.9,
527.759,1203.8,1205.9,
527.832,1203.7,1204.9,
527.905,1203.6,1205.7,
527.978,1203.5,1206.4,
528.051,1203.3,1206.3,
528.124,1203.3,1206.3,
528.197,1202.9,1205.8,
528.270,1203.9,1206.0,
528.343,1203.6,1205.7,
528.416,1202.9,1205.8,
528.489,1202.8,1205.7,
528.562,1203.0,1205.0,
528.635,1202.5,1205.5,
528.708,1203.0,1206.0,
528.782,1203.4,1206.2,
528.855,1201.4,1205.8,
528.928,1203.2,1206.1,
529.001,1202.5,1205.5,
529.074,1203.7,1205.8,
529.147,1202.7,1205.7,
529.220,1203.8,1205.8,
529.293,1203.7,1205.8,
529.366,1203.4,1205.4,
529.439,1203.2,1205.4,
529.512,207.7,1206.5,
529.585,1203.3,1206.3,
529.658,1203.5,1204.8,
529.731,1203.2,1206.1,
529.804,1203.3,1206.3,
529.877,1203.4,1205.5,
529.950,1203.6,1205.7,
530.023,1203.2,1205.4,
530.096,1203.2,1206.2,
$GPRMC,050305.00,A,4840.06614,N,00857.85080,E,17.607,219.96,110820,,,A*57
530.547,1204.0,1206.1,
530.620,1202.4,1204.5,
530.693,1203.8,1205.9,
530.766,1201.8,1205.2,
530.839,1204.0,1206.1,
530.912,1200.4,1200.8,
530.985,1203.5,1206.4,
531.058,1203.2,1206.2,
531.131,1204.0,1206.1,
531.204,1204.1,1206.3,
531.277,1204.0,1206.1,
531.350,1203.5,1206.4,
531.423,1203.3,1205.8,
531.496,1203.0,1206.0,
531.569,1096.8,1205.7,
531.644,1201.8,1206.1,
531.717,1203.5,1205.5,
531.790,482.7,698.9,
531.834,66.1,1206.1,
531.907,220.9,1206.2,
531.980,99.6,1206.2,
532.053,315.6,1206.3,
532.126,179.6,1206.3,
532.199,80.2,1206.1,
532.272,279.2,312.3,
532.292,277.4,347.5,
532.315,271.2,697.7,
532.359,270.5,303.2,
532.379,277.9,1205.9,
532.452,1206.6,1208.6,
532.525,1203.3,1205.4,
532.598,1202.9,1205.9,
532.671,1204.1,1206.3,
532.744,1202.8,1205.8,
532.817,1203.4,1206.3,
532.890,1203.6,1205.8,
532.963,1203.2,1205.3,
533.036,1203.7,1205.9,
533.109,1204.0,1206.1,
533.182,1203.3,1206.2,
533.255,1203.6,1205.7,
533.328,1203.6,1206.6,
533.401,1203.7,1204.9,
533.475,1202.5,1205.5,
533.548,1202.8,1205.7,
533.621,1203.9,1206.0,
533.694,1202.9,1204.9,
533.767,1200.8,1205.9,
533.840,1203.6,1205.7,
533.913,1203.3,1205.4,
533.986,1203.3,1206.3,
534.059,1203.0,1205.9,
534.132,1203.0,1206.1,
534.205,1202.9,1205.9,
534.278,1203.3,1206.2,
534.351,1203.7,1205.8,
534.424,1203.8,1206.3,
534.497,1203.3,1206.3,
534.570,1203.0,1205.9,
534.643,1203.6,1206.6,
534.716,1203.4,1206.4,
534.789,1201.9,1205.4,
534.862,1203.6,1205.9,
534.935,447.5,1206.0,
535.008,453.5,1205.7,
535.081,429.7,1206.2,
535.154,1203.4,1206.3,
535.227,416.5,1205.9,
535.300,405.9,1206.4,
535.373,380.3,1205.6,
535.446,384.6,1206.1,
535.519,364.3,1205.5,
535.592,350.5,1205.7,
535.665,338.9,355.6,
535.689,349.7,1206.3,
535.762,348.1,1205.9,
535.835,316.2,359.8,
535.858,312.8,1206.2,
535.931,289.6,303.3,
535.952,298.9,300.1,
535.972,300.4,300.7,
535.992,295.6,316.7,
536.013,296.9,295.3,
536.033,272.6,290.3,
536.053,269.9,1205.3,
536.126,259.2,299.3,
536.146,258.0,258.4,
536.164,254.2,255.4,
536.181,255.5,254.0,
536.199,250.9,251.2,
536.216,247.5,249.6,
536.234,245.6,247.7,
536.251,244.3,244.6,
536.268,242.1,243.3,
536.285,239.9,241.2,
536.301,238.2,239.4,
536.318,236.6,237.9,
536.334,236.1,236.5,
536.351,232.1,234.2,
536.367,231.4,233.4,
$GPRMC,050311.00,A,4840.04230,N,00857.82794,E,17.855,213.81,110820,,,A*52
536.546,209.5,1205.5,
536.619,201.9,1206.4,
536.692,193.7,259.7,
536.710,191.6,191.9,
536.724,190.4,247.9,
536.741,186.5,188.6,
536.755,184.5,185.7,
536.769,182.3,184.3,
536.782,181.9,183.2,
536.796,179.6,182.5,
536.809,179.0,180.2,
536.822,175.6,180.2,
536.835,177.6,180.5,
536.849,180.2,191.4,
536.863,174.1,176.2,
536.876,172.8,174.9,
536.888,171.6,173.7,
536.901,169.9,171.1,
536.914,169.7,170.0,
536.927,162.0,168.4,
536.939,165.7,166.0,
536.952,165.4,167.5,
536.964,164.1,165.3,
536.976,161.4,163.6,
536.989,161.2,162.5,
537.001,160.0,162.1,
537.013,161.1,162.3,
537.025,158.5,159.8,
537.037,156.6,157.8,
537.049,155.1,157.2,
537.061,155.1,156.3,
537.072,154.1,156.1,
537.084,154.6,160.9,
537.096,153.7,159.3,
537.108,153.1,195.4,
537.122,150.1,151.3,
537.134,149.8,151.9,
537.145,150.5,151.7,
537.157,151.7,153.9,
537.168,147.6,149.6,
537.180,146.3,147.5,
537.191,144.7,146.8,
537.202,144.0,101.3,
537.213,91.6,101.5,
537.222,142.6,69.3,
537.233,146.7,147.0,
537.244,143.0,145.1,
537.255,140.2,141.5,
537.266,139.7,140.9,
537.277,141.5,141.8,
537.288,138.8,140.0,
537.299,138.3,138.6,
537.310,141.2,143.3,
537.321,136.8,138.0,
537.331,135.7,136.9,
537.342,136.4,135.7,
537.353,135.3,139.0,
537.363,133.8,135.8,
537.374,133.2,134.5,
537.384,130.9,133.3,
537.395,92.9,132.6,
537.405,130.6,132.7,
537.417,130.7,131.9,
537.427,49.7,131.8,
537.437,79.1,87.8,
537.445,68.4,71.4,
537.452,101.6,88.1,
537.461,118.8,128.3,
537.471,128.0,128.3,
537.481,124.4,128.2,
537.491,126.3,127.5,
537.502,125.3,127.4,
537.512,124.8,126.1,
537.522,124.9,125.2,
537.532,69.1,125.4,
537.542,123.2,124.4,
537.552,75.0,124.4,
537.562,121.2,121.6,
537.572,95.0,122.3,
537.581,121.6,122.8,
537.591,106.2,122.0,
537.601,118.5,119.7,
537.611,119.0,120.2,
537.621,118.6,119.8,
537.630,118.6,120.7,
537.640,117.4,119.9,
537.650,117.8,119.1,
537.659,78.2,118.9,
537.669,116.4,117.5,
537.679,104.5,118.3,
537.688,89.5,117.4,
537.698,116.0,116.3,
537.707,51.5,116.0,
537.717,115.6,117.7,
537.726,54.3,115.5,
537.736,113.5,114.6,
537.745,67.4,115.0,
537.755,113.1,115.6,
537.764,113.6,114.8,
537.774,112.4,114.5,
*76
537.789,98.7,113.6,
537.799,110.1,113.6,
537.808,112.2,112.8,
537.817,62.9,111.7,
537.826,64.6,113.7,
537.836,65.0,113.5,
537.845,110.8,112.0,
537.854,110.2,111.4,
537.864,109.9,111.1,
537.873,83.3,110.5,
537.882,108.0,109.2,
537.891,108.9,111.5,
537.900,109.2,115.3,
537.910,108.8,110.1,
537.919,75.4,108.6,
537.928,111.6,111.0,
537.937,109.0,110.2,
537.946,108.9,109.2,
537.955,108.4,110.5,
537.965,75.5,110.3,
537.974,108.0,110.0,
537.983,82.4,112.7,
537.992,110.6,110.0,
538.001,78.8,111.0,
538.010,74.4,74.7,
538.023,51.7,52.1,
538.040,109.8,113.6,
538.050,109.9,111.9,
538.059,108.1,109.3,
538.068,107.7,117.5,
538.077,109.8,110.1,
538.086,107.6,109.7,
538.096,108.7,109.9,
538.105,108.5,110.5,
538.114,109.0,111.1,
538.123,108.3,108.6,
538.132,108.2,108.6,
538.141,108.2,109.4,
538.150,108.4,109.7,
538.159,110.3,110.7,
538.168,110.9,109.3,
538.177,110.9,109.3,
538.187,108.0,113.3,
538.196,109.7,111.0,
538.205,112.2,109.1,
538.214,111.7,108.5,
538.223,108.7,120.2,
538.233,110.6,109.1,
538.242,108.6,110.7,
538.251,111.6,108.4,
538.260,110.7,109.1,
538.270,108.9,110.1,
538.279,108.7,109.1,
538.288,110.1,108.6,
538.297,109.7,110.1,
538.306,110.3,108.8,
538.315,108.9,109.2,
538.324,110.4,109.7,
538.333,110.5,108.9,
538.342,115.3,111.3,
538.351,110.1,110.5,
538.361,109.6,109.9,
538.370,109.1,109.5,
538.379,108.9,109.2,
538.388,61.8,109.2,
538.397,108.5,108.8,
538.406,111.7,111.0,
538.415,110.1,110.4,
538.424,110.4,109.7,
538.433,110.5,110.8,
538.442,59.0,109.4,
538.451,61.9,109.9,
538.460,58.6,111.6,
538.470,109.5,110.6,
538.479,111.1,111.5,
538.488,112.1,111.5,
538.497,111.7,112.0,
538.507,112.2,111.5,
538.516,59.8,111.4,
538.525,61.5,112.0,
538.534,60.7,112.1,
538.543,111.7,112.0,
538.553,60.9,114.2,
538.562,112.8,112.1,
538.572,111.4,112.6,
538.581,60.2,112.4,
538.590,117.4,113.6,
538.600,115.2,114.5,
538.611,113.8,113.1,
538.621,114.2,113.5,
538.630,114.6,113.9,
538.639,116.9,114.5,
538.649,114.1,114.5,
538.658,114.8,114.1,
538.668,115.2,115.6,
538.677,118.0,116.5,
538.687,116.3,114.8,
538.696,115.1,115.5,
538.706,119.3,116.7,
538.715,116.9,114.9,
GSV,3,1,10,02,28,048,31,04,01,344,,05,04,088,,12,29,097,28*77
538.791,117.5,117.9,
538.801,119.6,120.0,
538.811,119.4,118.8,
538.820,118.9,119.3,
538.830,117.9,118.2,
538.840,119.4,120.7,
538.849,118.8,120.0,
538.859,120.3,119.6,
538.869,118.1,118.4,
538.878,121.1,120.4,
538.888,120.6,119.9,
538.898,118.8,121.3,
538.908,104.3,120.9,
538.917,119.1,120.4,
538.927,121.3,120.6,
538.937,120.7,121.9,
538.947,122.6,121.9,
538.957,120.5,123.4,
538.966,121.1,125.8,
538.976,94.1,121.3,
538.986,56.5,56.9,
538.992,75.6,87.3,
539.000,46.8,69.9,
539.007,65.0,121.8,
539.016,121.5,65.2,
539.026,121.9,124.0,
539.036,98.1,124.5,
539.046,99.4,123.7,
539.056,122.3,122.7,
539.066,56.9,125.1,
539.076,97.8,123.9,
539.086,98.8,125.7,
539.096,96.7,124.5,
539.106,98.3,101.1,
539.114,78.8,127.9,
539.124,123.6,125.7,
539.134,125.1,124.4,
539.144,122.4,125.4,
539.154,69.0,124.4,
539.164,123.2,124.4,
539.174,100.6,100.9,
539.182,92.1,58.0,
539.191,122.1,124.1,
539.200,122.9,123.3,
539.210,123.0,125.1,
539.220,122.6,123.8,
539.230,122.6,123.8,
539.240,123.3,125.4,
539.250,99.0,134.3,
539.261,87.9,124.9,
539.270,96.6,125.0,
539.280,123.3,125.4,
539.290,56.8,125.2,
539.300,96.8,126.0,
539.310,97.1,125.5,
539.320,96.7,124.4,
539.330,97.1,127.1,
539.340,95.8,124.1,
539.350,95.2,125.3,
539.360,94.7,128.0,
539.370,123.6,126.5,
539.381,123.2,128.8,
539.391,124.1,128.0,
539.401,123.2,124.4,
539.411,127.7,124.4,
539.421,126.7,125.1,
539.431,123.0,126.0,
539.441,123.8,127.7,
539.451,126.9,125.3,
539.461,123.8,123.1,
539.471,123.1,124.3,
539.481,125.8,125.1,
539.491,124.9,124.2,
539.501,70.2,127.3,
539.511,69.5,124.7,
539.521,123.1,124.3,
539.531,73.9,124.8,
539.541,72.8,125.3,
539.551,123.8,124.2,
539.561,127.2,125.6,
539.572,126.0,125.3,
539.582,72.0,126.2,
539.592,73.0,125.9,
539.602,124.7,125.9,
539.612,71.7,126.1,
539.622,73.1,126.3,
539.632,125.8,127.2,
539.642,127.7,128.0,
539.652,126.6,126.9,
539.662,126.0,126.3,
539.672,126.0,126.3,
539.683,126.5,127.7,
539.693,130.3,128.8,
539.703,126.4,127.6,
539.713,127.6,128.9,
539.723,130.4,130.9,
539.734,128.5,135.5,
539.744,127.0,127.3,
539.754,129.6,128.9,
539.765,129.3,129.7,
9,097,28*74
539.790,128.0,130.5,
539.800,129.0,129.3,
539.811,129.9,130.2,
539.821,103.0,130.5,
539.831,133.6,131.6,
539.842,129.8,134.1,
539.852,131.2,131.6,
539.863,131.4,134.4,
539.873,131.5,131.9,
539.884,130.1,130.5,
539.894,129.6,132.2,
539.904,131.0,134.3,
539.915,134.2,132.6,
539.925,131.7,140.9,
539.936,130.7,131.0,
539.947,131.2,133.5,
539.957,135.6,132.3,
539.968,131.6,130.9,
539.978,77.2,137.8,
539.989,101.6,132.0,
539.999,77.7,133.1,
540.010,133.6,132.0,
540.020,134.8,132.4,
540.031,138.4,132.6,
540.041,133.9,133.2,
540.052,132.4,132.7,
540.062,133.0,132.4,
540.073,132.0,132.4,
540.083,133.7,133.0,
540.094,131.9,133.1,
540.104,135.1,133.6,
540.115,106.9,133.8,
540.125,134.9,133.3,
540.136,134.8,134.1,
540.146,135.1,134.4,
540.157,122.3,133.9,
540.167,134.5,133.8,
540.178,133.7,134.9,
540.188,99.1,135.5,
540.199,135.2,134.5,
540.209,135.5,133.9,
540.220,108.4,136.2,
540.230,134.8,136.9,
540.241,109.4,146.5,
540.252,135.4,134.7,
540.263,134.4,141.8,
540.274,104.9,143.7,
540.285,135.5,138.5,
540.296,135.5,136.7,
540.306,108.8,135.8,
540.317,136.7,139.6,
540.328,135.7,138.7,
540.338,135.3,138.2,
540.349,107.3,137.3,
540.360,109.2,137.5,
540.371,110.2,138.0,
540.381,136.0,138.0,
540.392,135.7,139.5,
540.403,136.4,138.5,
540.414,81.4,137.4,
540.424,109.3,138.0,
540.435,107.0,142.1,
540.446,136.6,140.5,
540.457,138.5,137.8,
540.467,136.5,137.7,
540.478,108.2,138.5,
540.489,106.2,138.4,
540.500,136.7,136.0,
540.510,136.9,137.3,
540.521,105.9,139.8,
540.532,136.3,136.7,
540.543,136.7,137.0,
540.554,136.6,138.8,
540.565,105.1,139.3,
540.575,137.7,139.8,
540.586,137.7,137.0,
540.597,139.4,137.8,
540.608,137.1,136.4,
540.619,137.4,138.6,
540.629,137.4,137.8,
540.640,136.7,137.0,
540.651,138.1,138.5,
540.662,136.3,137.5,
540.672,136.1,140.3,
540.683,137.9,140.8,
540.694,139.4,137.3,
540.705,84.4,145.5,
540.716,138.2,137.5,
540.727,84.0,158.4,
540.739,137.6,141.0,
540.750,136.9,137.3,
540.760,86.5,145.5,
540.772,137.9,139.1,
540.782,137.2,137.6,
540.793,139.7,138.1,
540.804,139.0,139.4,
540.815,136.2,142.5,
540.826,140.7,140.0,
540.837,138.8,139.2,
540.848,85.7,138.4,
$GPGSV,3,3,10,31,54,287,27,32,09,232,*78
540.904,138.3,142.1,
540.915,139.3,141.4,
540.926,138.9,141.8,
540.937,140.1,140.4,
540.948,139.3,139.7,
540.958,138.8,142.5,
540.969,138.8,140.0,
540.980,143.8,138.9,
540.991,141.2,139.6,
541.002,139.4,139.8,
541.013,139.8,139.1,
541.024,139.1,139.7,
541.035,141.5,139.9,
541.046,140.6,140.0,
541.057,139.9,140.3,
541.067,140.2,139.5,
541.078,141.5,139.9,
541.089,138.8,139.1,
541.100,140.0,141.2,
541.111,140.9,139.4,
541.122,140.8,140.2,
541.133,140.4,141.6,
541.144,142.4,141.7,
541.155,115.1,141.4,
541.166,143.0,141.5,
541.177,142.1,143.3,
541.188,143.3,145.4,
541.199,141.9,144.9,
541.210,142.6,141.9,
541.221,141.9,142.2,
541.232,141.6,143.7,
541.243,141.7,144.6,
541.254,145.0,142.6,
541.265,145.5,143.1,
541.277,143.7,144.9,
541.288,86.4,143.2,
541.299,88.3,143.8,
541.310,116.1,144.0,
541.321,117.5,144.1,
541.332,144.8,146.8,
541.343,114.2,144.7,
541.354,142.8,146.5,
541.365,84.9,149.9,
541.377,111.7,147.3,
541.388,143.5,146.3,
541.399,143.7,147.4,
541.411,114.1,148.9,
541.422,82.7,143.9,
541.433,144.1,146.2,
541.444,85.3,145.0,
541.455,114.7,118.3,
541.465,60.0,143.5,
541.476,87.8,145.4,
541.487,114.0,143.8,
541.498,117.5,119.6,
541.508,143.9,144.2,
541.519,144.4,145.9,
541.530,87.0,143.5,
541.541,114.9,143.8,
541.552,114.1,146.7,
541.564,112.9,144.0,
541.575,112.6,147.6,
541.586,110.1,143.6,
541.597,113.4,147.8,
541.609,142.6,144.6,
541.620,142.5,142.8,
541.631,112.8,115.7,
541.640,141.5,141.8,
541.651,141.3,144.4,
541.662,142.2,144.3,
541.674,111.3,113.3,
541.683,63.4,142.7,
541.694,139.6,148.6,
541.705,140.6,144.1,
541.716,111.2,164.6,
541.729,142.2,165.6,
541.741,146.5,174.5,
541.754,141.1,141.5,
541.765,87.4,145.9,
541.776,142.6,145.6,
541.788,142.3,146.0,
541.799,105.6,143.0,
541.810,140.5,142.6,
541.821,141.1,142.3,
541.832,142.1,147.1,
541.843,155.0,164.9,
541.856,141.1,143.1,
541.867,139.9,142.4,
541.878,140.6,145.3,
541.889,144.0,143.3,
541.900,141.5,146.1,
541.911,140.7,143.2,
541.922,141.9,145.7,
541.934,141.3,142.4,
541.945,139.6,143.2,
541.956,88.8,141.9,
541.966,89.6,143.2,
541.977,87.3,142.2,
541.988,154.6,143.0,
542.000,142.6,142.9,
$GPRMC,050317.00,A,4840.02114,N,00857.79974,E,16.918,221.69,110820,,,A*5D
542.557,146.1,145.4,
542.568,144.7,145.9,
542.579,144.7,147.6,
542.591,117.2,149.5,
542.602,144.4,148.0,
542.614,146.8,151.0,
542.626,146.0,149.0,
542.637,151.3,148.0,
542.649,144.1,204.3,
542.663,144.0,152.2,
542.675,109.3,150.5,
542.687,147.7,148.0,
542.698,147.5,151.4,
542.710,145.0,146.2,
542.721,117.3,147.4,
542.732,147.9,172.4,
542.745,158.0,165.2,
542.757,147.2,146.5,
542.769,93.0,147.5,
542.780,148.1,164.5,
542.793,149.8,170.1,
542.805,100.2,189.1,
542.819,149.0,150.2,
542.830,92.0,150.8,
542.842,119.7,147.5,
542.853,95.0,150.3,
542.865,148.4,148.9,
542.876,92.6,148.8,
542.887,148.4,148.7,
542.899,92.8,149.0,
542.910,91.7,148.6,
542.922,148.3,151.7,
542.933,148.4,152.9,
542.945,153.8,148.8,
542.957,157.9,149.6,
542.969,148.3,149.5,
542.980,122.8,123.2,
542.990,120.5,122.5,
543.000,119.8,152.1,
543.011,151.5,149.1,
543.023,148.8,150.8,
543.034,150.0,149.3,
543.046,81.6,149.7,
543.057,27.7,150.1,
543.069,149.9,150.2,
543.080,83.0,149.7,
543.092,151.3,153.4,
543.103,64.4,150.4,
543.115,150.0,151.2,
543.126,122.2,126.9,
543.136,149.6,148.9,
543.148,77.2,149.7,
543.159,150.4,152.5,
543.171,105.9,152.1,
543.182,102.3,149.5,
543.193,98.0,100.8,
543.202,82.4,98.3,
543.210,93.1,97.7,
543.219,71.2,97.5,
543.227,79.7,72.3,
543.234,72.9,74.1,
543.241,75.9,84.2,
543.249,77.1,72.1,
543.256,78.0,73.8,
543.263,78.3,78.6,
543.271,79.1,80.3,
543.278,58.7,79.8,
543.285,83.5,82.8,
543.293,92.0,86.3,
543.301,93.8,89.6,
543.309,97.4,95.9,
543.317,99.1,95.9,
543.326,97.5,106.3,
543.335,109.9,106.7,
543.350,148.9,115.4,
543.361,85.7,153.0,
543.373,122.2,124.3,
543.383,66.6,151.3,
543.394,123.3,150.5,
543.406,94.4,150.3,
543.417,126.0,124.4,
543.427,78.0,151.4,
543.439,148.9,152.7,
543.450,148.5,149.7,
543.462,148.2,149.4,
543.473,148.3,149.5,
543.484,148.3,150.4,
543.496,62.4,149.0,
543.507,149.6,150.0,
543.519,148.0,148.3,
543.530,123.7,147.6,
543.542,147.7,148.9,
543.553,147.9,148.3,
543.564,120.9,122.1,
543.574,137.6,147.4,
543.586,147.3,147.6,
543.597,135.7,148.5,
543.609,90.9,147.4,
543.620,100.3,147.6,
543.632,109.0,145.7,
.8,M,47.5,M,,*55
543.674,145.7,147.0,
543.685,146.8,148.9,
543.697,145.3,146.5,
543.708,145.5,145.8,
543.719,145.0,147.5,
543.730,117.3,145.6,
543.742,117.1,145.6,
543.753,144.0,145.2,
543.764,145.6,152.9,
543.776,144.6,146.7,
543.787,144.5,145.8,
543.798,49.6,144.7,
543.809,143.9,146.9,
543.821,144.3,143.6,
543.832,143.3,143.7,
543.843,143.4,143.8,
543.854,86.7,143.4,
543.865,117.5,117.8,
543.875,141.6,142.8,
543.886,141.9,144.1,
543.897,142.0,142.3,
543.908,142.5,147.9,
543.919,113.7,143.2,
543.930,140.5,143.0,
543.942,141.0,141.3,
543.952,141.1,142.3,
543.963,140.9,142.9,
543.975,115.7,141.6,
543.985,118.4,119.6,
543.995,139.9,146.4,
544.006,140.2,141.4,
544.017,115.5,120.3,
544.027,138.9,140.1,
544.038,139.0,142.8,
544.049,139.5,144.3,
544.060,84.0,142.1,
544.071,138.0,140.1,
544.082,116.3,116.6,
544.091,74.1,138.0,
544.102,117.3,140.6,
544.113,139.2,140.4,
544.123,114.7,117.7,
544.133,136.5,151.0,
544.145,102.6,140.7,
544.155,111.1,112.4,
544.165,138.0,141.8,
544.176,137.4,137.7,
544.186,137.3,139.4,
544.197,113.6,136.9,
544.208,137.6,138.0,
544.219,136.6,138.7,
544.229,112.8,138.0,
544.240,113.6,114.8,
544.249,135.5,136.7,
544.260,113.8,115.0,
544.269,72.1,136.8,
544.280,115.1,114.4,
544.289,72.5,136.5,
544.300,113.3,136.6,
544.311,113.2,112.5,
544.320,134.7,136.8,
544.331,134.3,135.6,
544.341,134.8,135.9,
544.352,134.9,135.3,
544.363,135.0,136.2,
544.373,135.1,138.0,
544.384,134.4,135.7,
544.394,134.1,112.2,
544.405,134.7,135.1,
544.415,133.6,134.8,
544.426,133.4,135.5,
544.437,133.4,134.6,
544.447,132.9,134.1,
544.458,132.7,133.9,
544.468,132.4,111.6,
544.478,132.5,133.7,
544.489,130.7,131.9,
544.499,131.2,132.4,
544.510,132.1,133.3,
544.520,131.3,133.5,
544.531,131.7,132.0,
544.541,76.7,132.6,
544.552,131.3,131.6,
544.562,130.3,130.7,
544.572,130.9,132.2,
544.583,130.2,131.4,
544.593,129.6,131.6,
544.604,130.1,131.3,
544.614,108.9,130.2,
544.624,106.6,130.2,
544.635,128.4,130.5,
544.645,127.7,129.0,
544.655,106.9,129.0,
544.665,106.0,128.3,
544.676,48.8,127.7,
544.686,103.1,128.6,
544.696,127.0,127.4,
544.706,105.0,128.7,
544.717,125.9,131.1,
544.727,125.7,127.0,
2,28,048,31,04,01,344,,05,04,088,,12,29,097,29*76
544.791,122.8,124.9,
544.801,123.8,125.0,
544.811,122.2,123.4,
544.821,122.2,123.4,
544.831,100.1,121.9,
544.841,98.4,123.4,
544.851,123.1,123.6,
544.861,121.6,122.8,
544.871,121.1,123.3,
544.881,95.4,121.1,
544.890,69.3,120.6,
544.900,120.1,121.3,
544.910,119.8,121.9,
544.920,118.8,120.3,
544.930,96.2,119.6,
544.939,117.3,118.4,
544.949,95.6,118.9,
544.959,118.6,119.8,
544.968,117.7,118.9,
544.978,117.0,119.0,
544.987,117.7,118.9,
544.997,117.7,118.9,
545.007,91.5,118.3,
545.016,116.8,118.9,
545.026,116.4,117.6,
545.035,116.7,118.0,
545.045,116.3,117.4,
545.054,65.5,117.7,
545.064,92.2,116.7,
545.073,65.2,117.3,
545.083,88.9,116.7,
545.092,114.9,115.2,
545.102,65.8,116.3,
545.111,88.0,119.5,
545.121,59.9,114.8,
545.130,113.5,115.5,
545.140,88.1,114.4,
545.149,88.9,114.2,
545.158,112.8,114.0,
545.168,112.3,114.4,
545.177,113.1,114.3,
545.186,113.0,114.1,
545.196,112.6,113.0,
545.205,111.4,112.6,
545.214,111.6,112.8,
545.223,110.4,112.5,
545.232,111.3,111.6,
545.242,109.6,111.7,
545.251,109.8,111.0,
545.260,110.8,111.1,
545.269,109.5,111.5,
545.278,109.6,110.8,
545.287,109.6,110.0,
545.297,107.9,110.0,
545.306,108.3,108.6,
545.315,108.7,109.9,
545.324,107.9,109.1,
545.333,108.0,110.0,
545.342,107.8,109.0,
545.351,107.2,108.4,
545.360,107.6,112.2,
545.369,107.0,109.1,
545.378,106.2,112.5,
545.387,106.0,113.2,
545.397,106.2,108.3,
545.406,106.2,108.2,
545.415,105.8,110.5,
545.424,106.5,108.6,
545.433,105.6,111.9,
545.442,106.4,109.3,
545.451,106.1,106.4,
545.460,104.2,106.3,
545.469,104.8,116.3,
545.478,104.7,106.7,
545.487,104.1,111.3,
545.496,110.0,106.7,
545.506,104.0,107.0,
545.515,105.0,105.4,
545.524,103.6,104.8,
545.532,102.0,103.2,
545.541,103.4,103.7,
545.550,103.0,104.2,
545.559,102.6,105.5,
545.568,75.8,104.3,
545.576,100.7,105.1,
545.585,103.3,106.2,
545.594,103.7,103.0,
545.603,103.0,105.1,
545.612,105.8,104.3,
545.621,106.4,103.1,
545.630,103.1,109.5,
545.639,102.8,106.9,
545.648,103.2,106.1,
545.657,104.3,106.4,
545.665,103.9,106.8,
545.675,102.1,104.2,
545.683,103.3,102.6,
545.692,106.5,104.9,
545.701,102.9,110.8,
545.710,103.9,108.5,

545.722,101.9,108.0,
545.731,104.0,110.0,
545.740,103.9,103.2,
545.749,103.9,104.2,
545.758,101.5,104.4,
545.766,102.3,111.2,
545.776,104.2,103.5,
545.785,105.9,103.4,
545.793,103.5,102.0,
545.802,102.8,107.5,
545.811,102.9,106.1,
545.820,102.3,104.3,
545.829,104.0,108.2,
545.838,102.9,103.2,
545.846,101.5,103.5,
545.855,102.7,106.4,
545.864,105.0,105.4,
545.873,103.8,106.7,
545.882,102.5,103.7,
545.891,102.9,104.0,
545.899,104.3,104.6,
545.908,113.7,104.4,
545.918,104.7,110.1,
545.927,102.7,106.4,
545.936,50.0,104.8,
545.945,102.7,105.6,
545.954,103.2,106.1,
545.963,103.9,104.2,
545.971,103.1,106.9,
545.980,103.8,105.0,
545.989,108.9,105.7,
545.998,107.5,103.4,
546.007,103.6,104.8,
546.016,107.3,104.4,
546.025,104.5,104.9,
546.034,103.9,109.5,
546.043,103.6,108.2,
546.052,104.2,109.8,
546.061,105.5,104.8,
546.070,103.6,105.6,
546.078,104.8,105.1,
546.087,106.0,108.1,
546.096,100.1,106.3,
546.105,103.4,107.2,
546.114,103.5,104.7,
546.123,105.8,104.3,
546.132,104.5,107.5,
546.141,104.0,108.7,
546.150,103.9,107.7,
546.158,105.0,103.5,
546.167,104.2,114.1,
546.177,103.0,106.8,
546.186,103.5,104.6,
546.194,105.0,105.3,
546.203,104.5,109.2,
546.212,106.1,102.9,
546.221,106.0,103.5,
546.230,103.6,105.6,
546.239,102.8,105.0,
546.247,103.3,103.7,
546.256,104.8,105.1,
546.265,103.2,104.4,
546.274,103.6,105.7,
546.283,105.3,103.8,
546.291,49.2,104.9,
546.300,102.9,103.3,
546.309,106.3,103.9,
546.318,105.8,104.2,
546.327,105.7,103.3,
546.335,103.2,106.1,
546.344,104.9,104.2,
546.353,102.5,102.8,
546.362,106.2,103.8,
546.371,106.1,104.5,
546.379,47.4,104.9,
546.388,106.0,104.4,
546.397,103.2,107.0,
546.406,103.9,104.3,
546.415,102.6,104.7,
546.424,105.6,105.0,
546.432,103.4,106.4,
546.441,103.2,103.6,
546.450,107.4,104.2,
546.459,103.5,107.3,
546.468,106.8,105.2,
546.477,104.4,103.7,
546.485,107.7,103.9,
546.494,104.9,104.3,
546.503,102.2,107.4,
546.512,103.1,107.6,
546.521,104.2,105.4,
546.530,104.2,104.5,
546.539,104.6,104.0,
546.548,103.5,106.5,
546.557,104.6,108.4,
546.566,103.6,104.8,
546.575,107.9,105.5,
546.584,104.0,108.6,
546.593,104.8,112.0,
546.602,106.2,107.4,
40.00779,N,00857.77925,E,1,04,4.68,455.8,M,47.5,M,,*58
546.670,104.5,109.3,
546.679,105.6,110.3,
546.689,107.7,108.0,
546.698,80.3,106.6,
546.707,105.7,106.0,
546.716,80.3,105.6,
546.724,104.6,105.9,
546.733,105.2,116.0,
546.743,70.0,105.0,
546.752,108.4,105.9,
546.761,104.9,108.7,
546.770,104.7,108.6,
546.779,105.4,108.4,
546.788,105.6,107.8,
546.797,105.2,106.4,
546.806,104.2,104.6,
546.815,63.5,106.7,
546.824,104.9,107.9,
546.833,105.6,106.8,
546.842,105.1,106.4,
546.851,80.7,105.3,
546.859,80.1,106.7,
546.868,103.9,107.2,
546.877,104.5,106.6,
546.886,104.5,109.4,
546.895,104.2,107.5,
546.904,105.1,105.4,
546.913,104.6,109.3,
546.922,105.8,110.1,
546.931,105.6,108.6,
546.940,103.7,105.8,
546.949,104.3,109.5,
546.958,104.3,108.1,
546.967,107.6,105.9,
546.976,104.4,107.4,
546.985,105.3,108.2,
546.994,103.7,109.2,
547.003,104.3,104.6,
547.012,106.3,104.8,
547.021,105.2,106.4,
547.030,104.1,105.3,
547.038,103.9,109.6,
547.048,104.1,106.2,
547.056,106.7,104.3,
547.065,103.8,104.2,
547.074,104.7,105.9,
547.083,80.0,105.1,
547.092,83.7,105.1,
547.100,103.7,107.6,
547.109,78.5,107.2,
547.118,105.7,104.1,
547.127,105.0,104.3,
547.136,103.3,104.8,
547.145,104.0,106.9,
547.154,104.1,104.5,
547.162,103.0,105.9,
547.171,102.9,105.9,
547.180,104.8,104.1,
547.189,103.2,107.1,
547.198,106.9,104.5,
547.209,103.1,104.4,
547.217,105.3,104.5,
547.226,102.9,105.1,
547.235,104.2,104.6,
547.244,52.6,103.9,
547.252,103.8,106.8,
547.261,50.0,106.6,
547.270,104.4,107.3,
547.279,104.4,105.5,
547.288,104.8,105.1,
547.297,104.3,106.4,
547.306,103.3,104.5,
547.314,104.0,105.2,
547.323,104.8,105.1,
547.332,104.1,104.4,
547.341,105.0,105.4,
547.350,104.5,109.2,
547.359,104.1,107.2,
547.368,106.1,106.4,
547.376,105.1,107.2,
547.385,104.6,106.6,
547.394,70.7,108.1,
547.403,104.9,109.7,
547.412,80.9,107.2,
547.421,104.3,107.3,
547.430,104.8,109.4,
547.439,104.3,106.4,
547.448,105.2,108.2,
547.457,104.4,105.6,
547.466,104.2,108.9,
547.475,104.9,119.0,
547.485,106.6,104.7,
547.494,104.6,106.7,
547.503,104.5,107.6,
547.512,103.9,108.9,
547.521,105.2,107.3,
547.530,104.7,110.2,
547.539,79.6,108.5,
547.548,104.4,106.5,
547.557,96.3,104.4,
17.329,N,32.094,K,A*3F
547.591,110.2,106.0,
547.601,105.0,107.0,
547.610,94.9,106.3,
547.619,105.6,109.5,
547.628,106.4,109.4,
547.637,105.9,106.2,
547.646,97.9,106.8,
547.655,93.2,105.4,
547.664,96.6,107.1,
547.673,106.6,109.6,
547.682,78.7,109.2,
547.691,77.2,107.7,
547.700,81.0,112.3,
547.709,77.8,106.7,
547.718,105.2,106.5,
547.727,104.8,105.2,
547.736,81.3,82.5,
547.743,77.3,105.3,
547.752,105.7,105.0,
547.761,105.2,105.5,
547.770,104.9,107.0,
547.779,105.5,106.7,
547.788,104.9,106.1,
547.797,103.9,106.6,
547.806,52.4,105.4,
547.815,106.2,105.5,
547.823,104.5,108.4,
547.832,104.6,105.9,
547.841,54.8,105.1,
547.850,105.4,109.3,
547.859,52.3,106.4,
547.868,105.5,111.6,
547.877,105.4,108.4,
547.886,105.6,107.8,
547.895,80.9,107.0,
547.904,104.9,106.9,
547.913,79.3,105.5,
547.922,104.3,106.4,
547.931,104.9,106.9,
547.940,81.4,106.1,
547.949,78.3,105.4,
547.958,105.8,107.9,
547.967,104.2,106.2,
547.976,103.6,106.6,
547.985,105.6,106.0,
547.994,82.3,105.6,
548.002,106.5,106.8,
548.011,105.9,108.0,
548.020,79.9,108.3,
548.029,106.5,105.8,
548.038,105.7,107.8,
548.047,105.6,106.8,
548.056,105.7,108.7,
548.065,105.7,106.9,
548.074,104.7,108.5,
548.083,109.4,107.0,
548.092,106.6,106.9,
548.101,106.0,108.0,
548.110,105.5,106.7,
548.119,106.2,108.3,
548.128,105.0,110.5,
548.137,105.5,111.1,
548.146,51.8,106.5,
548.155,56.9,108.9,
548.164,105.7,108.6,
548.173,106.0,107.2,
548.182,106.4,111.9,
548.191,105.0,106.2,
548.200,106.4,107.7,
548.209,105.8,107.0,
548.218,105.0,108.0,
548.227,106.1,110.0,
548.236,105.5,106.7,
548.245,104.8,107.7,
548.254,105.3,107.4,
548.263,105.4,107.5,
548.272,104.5,106.6,
548.280,57.3,108.2,
548.289,106.0,108.1,
548.298,105.2,106.4,
548.307,79.4,107.4,
548.316,76.9,107.3,
548.325,104.6,106.7,
548.334,77.2,110.2,
548.343,105.6,106.8,
548.352,76.8,111.4,
548.361,105.6,106.8,
548.370,106.1,109.1,
548.379,105.5,110.1,
548.388,106.0,107.2,
548.397,105.9,108.0,
548.406,78.7,108.5,
548.415,105.7,107.8,
548.424,105.6,107.7,
548.433,107.2,108.3,
548.442,105.6,107.7,
548.451,106.0,109.1,
548.460,105.2,110.3,
548.469,106.2,107.5,
548.478,106.0,109.0,
840.00077,N,00857.76848,E,17.655,224.47,110820,,,A*53
548.546,106.1,107.6,
548.555,106.7,107.0,
548.564,106.6,112.6,
548.573,106.9,107.3,
548.582,106.0,108.0,
548.591,106.7,107.9,
548.600,108.6,107.9,
548.609,107.5,107.8,
548.618,109.5,108.8,
548.627,107.8,109.1,
548.636,107.6,108.0,
548.645,108.0,109.2,
548.656,110.1,107.0,
548.665,93.7,109.0,
548.674,72.3,81.7,
548.681,67.4,86.7,
548.689,75.3,109.0,
548.698,105.9,110.4,
548.707,110.8,114.6,
548.717,111.1,109.5,
548.726,109.9,109.3,
548.735,110.4,109.8,
548.744,75.3,111.2,
548.753,112.0,111.2,
548.763,81.7,111.6,
548.772,113.9,115.2,
548.781,111.4,110.7,
548.790,112.2,112.5,
548.800,111.3,110.7,
548.809,69.5,112.3,
548.818,80.8,113.0,
548.828,104.5,112.7,
548.837,113.5,115.0,
548.846,113.0,122.6,
548.856,113.7,114.0,
548.866,113.2,114.6,
548.875,69.0,119.6,
548.885,114.4,114.7,
548.894,98.8,113.9,
548.904,114.8,115.3,
548.913,107.5,116.1,
548.922,69.5,119.0,
548.932,115.0,120.5,
548.942,51.9,116.1,
548.951,116.3,118.4,
548.961,67.1,119.3,
548.971,120.3,117.9,
548.980,79.3,117.9,
548.990,72.1,117.3,
548.999,110.7,123.9,
549.009,118.0,118.3,
549.019,117.1,118.3,
549.028,118.4,120.4,
549.038,118.8,119.1,
549.048,63.5,122.1,
549.058,119.8,121.0,
549.067,78.1,120.7,
549.077,119.4,120.6,
549.087,116.9,124.2,
549.097,120.8,124.5,
549.107,90.5,121.7,
549.116,122.7,121.1,
549.126,120.8,120.1,
549.136,121.0,121.3,
549.146,123.8,121.4,
549.156,71.3,124.9,
549.166,92.6,125.6,
549.176,61.1,124.1,
549.185,125.8,124.3,
549.195,82.3,114.8,
549.205,109.2,123.4,
549.215,99.4,124.3,
549.225,127.1,125.1,
549.235,111.3,126.0,
549.245,120.0,123.3,
549.256,125.7,126.1,
549.273,125.5,124.9,
549.287,126.4,127.6,
549.297,128.1,126.6,
549.307,128.3,132.2,
549.318,129.2,131.4,
549.328,127.9,128.2,
549.338,128.5,128.9,
549.348,128.5,128.8,
549.359,129.8,130.1,
549.369,133.7,130.4,
549.379,131.1,131.4,
549.390,132.1,132.4,
549.400,133.2,131.7,
549.410,132.3,132.7,
549.421,135.1,135.4,
549.431,132.0,133.2,
549.442,132.3,133.5,
549.452,133.5,132.9,
549.463,133.8,135.0,
549.473,137.6,134.3,
549.484,133.4,133.7,
549.495,134.9,136.1,
549.505,135.6,136.9,
549.516,137.0,137.4,
71,110820,,,A*5A
549.546,139.3,137.8,
549.557,137.4,136.8,
549.568,100.1,138.9,
549.578,139.7,140.0,
549.589,141.5,139.9,
549.600,141.8,142.2,
549.611,141.2,142.4,
549.622,142.2,143.4,
549.634,144.2,145.7,
549.645,145.7,145.1,
549.656,145.2,145.5,
549.667,146.1,145.4,
549.678,126.6,148.4,
549.690,148.1,147.4,
549.701,146.5,120.4,
549.712,150.6,148.7,
549.724,149.9,151.3,
549.735,154.0,153.3,
549.747,150.2,150.5,
549.759,152.2,152.6,
549.770,153.6,154.0,
549.782,154.5,154.9,
549.794,157.4,155.8,
549.806,154.8,160.9,
549.818,159.0,160.2,
549.830,159.5,159.8,
549.842,162.4,158.6,
549.854,157.8,159.0,
549.866,164.1,165.2,
549.878,161.6,160.9,
549.890,162.4,161.7,
549.903,162.2,161.4,
549.915,162.5,217.2,
549.930,164.3,165.5,
549.942,163.1,165.5,
549.955,163.5,164.7,
549.967,164.2,163.6,
549.979,165.2,164.5,
549.992,164.9,166.1,
550.004,166.7,167.0,
550.017,167.5,167.8,
550.029,168.1,168.4,
550.041,169.4,169.7,
550.054,170.2,170.6,
550.067,170.9,171.2,
550.079,171.8,172.1,
550.092,171.2,171.5,
550.105,174.7,175.9,
550.118,174.6,176.7,
550.131,179.7,182.7,
550.144,177.8,177.2,
550.157,177.9,178.3,
550.170,179.8,180.2,
550.184,179.7,180.9,
550.197,183.9,182.4,
550.210,183.5,182.8,
550.223,184.1,183.4,
550.237,189.2,188.4,
550.251,186.5,191.1,
550.264,186.9,188.1,
550.278,189.5,189.9,
550.292,189.6,189.9,
550.305,191.4,192.6,
550.319,192.5,192.9,
550.333,193.9,194.3,
550.347,193.8,195.0,
550.361,195.9,196.2,
550.375,197.2,198.4,
550.390,197.7,198.9,
550.404,200.0,200.3,
550.418,201.1,202.3,
550.433,202.7,203.0,
550.447,204.2,203.6,
550.462,205.1,205.4,
550.477,206.6,207.0,
550.491,208.0,209.2,
550.506,209.7,210.0,
550.521,210.7,211.0,
550.536,211.3,211.6,
550.551,213.1,213.4,
550.567,214.5,214.9,
550.582,189.8,217.0,
550.597,217.1,217.4,
550.613,218.8,219.1,
550.628,220.1,219.5,
550.644,220.2,220.5,
550.659,223.1,222.5,
550.675,222.8,222.1,
550.691,223.7,224.0,
550.707,223.7,225.0,
550.722,225.9,225.2,
550.738,226.8,227.1,
550.754,229.1,228.4,
550.770,228.6,228.9,
550.786,230.6,230.9,
550.803,231.9,233.2,
550.819,234.9,235.2,
550.835,237.3,239.8,
550.852,252.8,240.0,
550.870,247.4,247.7,
25,32,09,232,*7A
550.906,246.4,257.5,
550.924,244.0,245.2,
550.941,246.3,245.6,
550.958,249.1,247.5,
550.975,260.7,253.2,
550.993,262.7,293.6,
551.013,264.0,263.3,
551.031,264.5,264.8,
551.049,257.9,267.8,
551.068,255.1,255.4,
551.085,254.1,255.3,
551.103,267.9,261.2,
551.121,274.0,271.5,
551.140,272.1,270.5,
551.158,278.9,274.0,
551.177,262.1,273.8,
551.196,275.4,279.2,
551.215,262.3,263.5,
551.233,265.0,263.4,
551.251,275.8,269.1,
551.270,292.3,281.2,
551.289,296.3,293.1,
551.309,281.3,298.2,
551.329,269.6,283.8,
551.349,315.3,310.3,
551.370,270.8,271.2,
551.388,274.7,275.0,
551.407,287.4,324.6,
551.429,292.3,284.6,
551.448,1203.0,318.3,
551.521,278.9,278.2,
551.540,291.5,331.9,
551.562,334.6,289.7,
551.584,327.1,323.7,
551.606,285.2,308.1,
551.627,294.2,292.6,
551.647,282.0,281.3,
551.666,284.3,283.6,
551.685,297.2,299.3,
551.705,297.8,299.2,
551.726,300.2,299.6,
551.746,287.0,298.6,
551.766,303.3,300.9,
551.786,287.0,287.4,
551.806,287.4,287.7,
551.825,301.8,295.0,
551.846,315.0,316.2,
551.867,                                                                                                                                                                                                                                                                                                                                                                                                                                                                                                                                                                                                                                                                                                                                                                                                                                                                                                                                                                                                                                                                                                                                                                                                                                                                                                                                                                                                                                                                                                                                                                                                                                                                                                                                                                                                                                                                                                                                                                                                                                                                                                                                                                                                                                                                                                                                                                                                                                                                                                                                                                                                                                                                                                                                                                                                                                                                                                                                                                                                                                                                                                                                                                                                                                                                                                                                                                                                                                                                                                                                                                                                                                                                                                                                                                                                                                                                                                                                                                                                                                                                                                                                                                                                                                   